0:
###
##.
#..

1:
##.
.##
..#

2:
.##
##.
###

3:
###
.##
.##

4:
###
#..
###

5:
###
.#.
###

40x42: 30 30 28 31 29 33
44x41: 54 50 44 38 45 49
47x36: 25 32 33 27 32 30
41x44: 50 52 42 37 48 51
47x47: 38 28 30 45 46 37
37x49: 47 45 52 48 45 42
41x49: 27 36 27 33 44 41
41x47: 41 58 63 50 37 49
47x45: 31 35 31 37 35 55
37x35: 24 26 22 21 19 20
39x43: 31 36 21 34 33 26
38x43: 41 36 35 47 41 50
44x44: 40 28 33 33 33 28
50x44: 56 50 58 56 50 67
39x48: 39 51 44 55 60 39
47x42: 38 25 37 32 42 36
47x44: 29 35 40 32 38 36
47x39: 62 39 47 46 44 44
45x38: 47 45 49 37 47 39
44x47: 35 36 46 30 27 35
40x44: 46 52 48 49 38 40
44x42: 48 41 55 36 45 58
46x38: 54 39 48 43 46 39
37x47: 23 29 33 41 26 27
37x37: 22 29 27 24 16 25
41x45: 37 30 39 32 25 31
49x39: 46 43 52 56 54 41
44x43: 49 37 60 45 45 52
42x41: 36 51 61 42 37 39
48x35: 33 29 34 32 21 27
45x41: 34 37 38 32 31 23
42x39: 32 35 32 29 24 29
41x49: 52 54 60 47 47 50
44x46: 47 29 40 30 30 34
35x35: 16 20 24 21 23 17
50x45: 34 45 39 50 34 38
49x38: 55 52 47 43 47 45
40x46: 31 37 31 34 39 22
44x36: 33 26 21 30 28 29
47x35: 28 33 21 25 24 33
50x43: 52 49 50 64 53 61
45x41: 56 42 47 36 55 48
35x47: 51 36 37 46 45 38
47x35: 44 26 42 43 48 46
40x47: 43 39 51 51 57 45
50x47: 67 58 61 57 60 59
46x42: 64 61 46 46 51 35
40x44: 49 43 48 52 46 33
40x36: 25 44 48 33 37 35
44x41: 32 37 27 34 25 27
41x39: 21 33 32 24 28 30
42x41: 34 32 22 31 27 35
49x39: 56 41 49 53 51 43
43x48: 53 47 54 65 45 52
50x49: 56 39 33 47 42 38
41x46: 42 27 29 30 31 36
37x38: 39 39 46 36 35 23
37x50: 25 36 36 37 30 27
50x46: 46 62 69 59 57 60
44x50: 32 42 39 41 37 33
49x44: 34 40 45 40 23 42
41x36: 27 22 22 23 29 33
39x45: 29 27 34 34 33 38
41x50: 49 41 50 54 61 57
46x41: 42 32 34 26 32 29
43x50: 54 49 66 41 59 60
50x37: 56 44 46 50 43 46
48x42: 35 34 41 39 28 47
45x38: 28 37 25 31 26 32
42x45: 34 37 35 36 33 35
43x42: 33 36 22 33 28 44
35x37: 19 21 28 20 22 21
38x39: 26 20 25 21 29 34
35x45: 28 14 37 24 25 36
41x44: 36 33 27 37 30 19
37x38: 35 35 34 32 41 39
49x44: 34 37 33 45 37 38
48x40: 38 38 33 39 33 27
41x41: 37 40 52 42 44 42
40x45: 54 48 47 36 45 49
39x40: 35 26 32 27 33 15
50x50: 52 28 45 48 37 46
39x36: 30 41 40 26 38 42
50x40: 45 48 46 55 54 58
44x38: 55 39 36 37 48 43
50x43: 50 54 54 63 54 55
43x41: 32 34 31 29 33 23
47x50: 31 41 42 42 36 48
44x49: 48 52 59 57 48 66
45x36: 29 20 24 42 32 33
41x50: 31 32 36 39 38 32
46x49: 38 45 36 55 43 23
39x50: 48 40 53 54 52 50
45x39: 52 47 44 46 42 41
48x48: 36 38 51 41 38 52
42x46: 53 43 51 50 56 43
35x47: 31 21 27 27 25 33
39x50: 57 35 41 58 54 52
38x37: 24 24 24 20 25 26
46x50: 41 38 32 44 44 41
42x48: 36 28 46 38 39 37
50x35: 47 63 39 33 47 46
48x39: 34 32 30 34 37 40
44x49: 55 52 60 54 65 45
45x38: 28 25 34 26 34 33
38x35: 24 20 22 23 17 26
36x43: 28 28 32 26 24 30
43x38: 33 29 22 26 31 27
50x44: 32 40 34 35 44 38
50x35: 27 32 34 28 29 25
36x37: 35 30 32 30 41 36
41x42: 26 32 26 29 37 32
47x47: 57 52 63 54 56 57
48x43: 52 51 44 55 51 64
44x36: 45 42 35 36 39 48
45x40: 41 37 52 43 60 41
43x40: 33 47 43 50 51 40
44x44: 46 58 51 56 43 46
35x42: 41 38 50 26 40 32
46x36: 47 30 52 37 40 46
38x45: 33 29 22 36 26 33
36x44: 40 37 37 45 37 47
36x48: 24 43 38 27 30 29
46x40: 43 58 45 50 47 43
38x48: 42 36 63 38 45 53
44x36: 26 31 29 26 29 27
46x44: 30 42 32 39 32 34
40x48: 43 42 34 30 38 21
48x42: 37 32 32 56 33 34
41x42: 34 49 50 45 42 45
44x36: 37 36 40 36 41 52
42x39: 27 26 44 27 27 31
45x38: 30 25 32 41 25 27
48x46: 59 66 63 54 49 52
36x40: 41 36 36 33 39 37
43x44: 32 35 26 35 31 37
44x37: 35 17 29 17 35 35
45x36: 28 39 33 27 27 25
37x37: 37 42 25 40 33 36
38x50: 37 33 28 31 31 31
37x36: 56 30 32 30 29 30
47x46: 40 30 34 40 39 42
41x39: 23 33 22 31 22 37
43x45: 38 34 41 32 34 31
42x49: 44 39 33 38 33 36
46x41: 60 41 50 37 46 56
50x47: 70 52 61 53 65 60
39x46: 36 37 36 33 30 22
49x42: 38 39 44 25 45 33
41x49: 51 58 49 50 60 43
49x38: 57 51 44 37 53 47
36x43: 36 29 28 26 25 23
47x41: 46 38 59 43 60 47
50x40: 28 39 31 32 35 43
44x44: 39 31 26 33 32 34
36x45: 41 47 30 36 49 48
50x41: 54 56 57 36 60 54
41x41: 26 48 42 52 44 46
47x45: 61 69 44 48 61 48
42x45: 50 47 48 46 48 52
38x46: 44 52 42 46 47 40
44x49: 49 44 74 51 53 57
47x48: 43 44 40 26 40 46
39x36: 31 51 35 38 29 36
35x37: 25 16 26 21 14 30
39x47: 40 32 31 27 30 35
37x44: 31 23 30 30 30 24
35x36: 25 20 20 25 23 18
35x43: 18 26 26 27 29 27
41x42: 39 31 29 29 27 27
42x39: 38 46 41 54 34 40
38x44: 44 54 51 37 36 39
45x35: 38 36 44 37 34 52
43x35: 24 25 23 25 35 22
43x46: 32 30 40 33 49 26
39x41: 37 38 38 44 41 47
40x37: 29 30 20 27 27 22
44x35: 36 40 40 51 39 31
37x50: 38 52 44 55 51 45
35x40: 38 40 41 29 38 31
41x41: 35 44 48 42 48 41
36x42: 29 18 35 33 27 25
35x39: 18 26 24 19 29 27
50x48: 31 50 44 38 44 48
49x48: 56 44 47 39 36 33
46x50: 54 57 61 69 59 53
49x42: 54 56 53 52 52 51
48x41: 40 28 36 36 35 33
35x42: 22 26 29 18 31 27
47x42: 40 40 49 24 35 22
44x40: 28 25 31 27 30 41
45x44: 39 38 31 34 37 30
45x42: 43 33 35 43 33 23
39x39: 46 35 38 40 40 35
43x45: 54 48 57 51 49 39
50x44: 30 36 29 39 43 47
47x38: 35 47 38 56 49 49
43x39: 45 41 50 32 50 40
44x43: 41 28 32 38 31 26
50x50: 43 41 30 65 38 39
40x47: 31 29 35 44 24 32
45x42: 34 28 31 43 38 35
46x39: 34 36 35 32 28 29
40x39: 21 34 30 26 25 33
46x39: 35 35 42 24 31 27
39x39: 32 20 32 27 29 28
44x38: 50 44 34 39 44 48
38x40: 31 36 42 40 46 37
41x45: 34 35 42 27 31 26
48x50: 46 52 37 34 46 41
40x43: 30 37 32 23 31 29
50x47: 49 39 33 43 36 40
46x50: 38 29 37 39 55 42
40x42: 30 26 22 37 40 27
50x46: 38 39 41 42 38 41
44x42: 37 25 23 32 33 46
45x35: 39 53 41 37 38 38
39x46: 34 29 43 29 28 32
38x49: 37 31 30 33 32 29
38x44: 41 45 34 54 41 43
35x42: 43 40 32 38 36 39
46x35: 42 38 39 44 37 47
39x40: 37 47 43 42 33 40
49x43: 51 47 60 54 52 58
49x35: 21 28 31 23 39 34
47x44: 50 64 54 50 62 41
38x42: 42 45 37 36 44 43
49x44: 57 54 58 55 49 59
39x37: 30 53 36 32 36 39
36x43: 21 25 35 33 23 30
37x43: 40 28 20 29 28 23
44x45: 47 50 53 46 56 52
42x39: 26 41 22 30 34 28
36x49: 58 37 55 32 48 41
41x50: 53 46 53 44 63 55
37x44: 42 43 29 43 46 48
37x36: 26 21 20 30 19 28
39x48: 41 32 37 33 37 28
44x45: 41 25 31 37 37 39
45x47: 38 35 34 32 38 47
36x42: 39 39 38 42 41 34
42x37: 29 23 35 30 31 19
48x50: 40 47 40 37 48 43
37x40: 35 36 45 43 35 33
49x38: 57 55 52 36 38 52
45x50: 68 61 52 58 57 53
37x50: 29 41 26 31 32 32
36x48: 27 38 34 25 33 34
41x37: 35 42 39 39 38 41
35x50: 39 43 47 43 61 35
50x42: 40 31 39 31 36 47
40x38: 29 29 25 18 28 27
35x37: 33 39 37 34 34 24
45x37: 38 37 39 50 45 45
36x41: 27 30 26 26 25 22
49x47: 58 72 53 58 57 60
47x38: 44 46 46 53 47 39
39x41: 19 27 29 30 33 31
40x35: 22 25 20 28 24 23
41x37: 31 25 24 23 28 24
40x35: 23 28 29 21 24 18
45x40: 38 50 52 45 47 45
42x49: 64 51 40 51 55 57
41x35: 30 37 42 38 37 36
39x37: 25 27 26 26 19 32
43x46: 35 38 34 25 46 32
42x39: 31 29 48 55 42 42
41x45: 58 45 47 38 46 51
50x46: 83 54 60 58 54 47
49x47: 35 39 50 33 41 41
49x48: 32 35 42 50 44 53
45x44: 49 56 48 49 52 52
40x40: 22 36 26 29 31 25
49x50: 69 73 54 62 56 67
50x36: 32 26 34 29 36 35
40x37: 29 27 29 25 28 17
36x46: 44 42 54 45 32 38
39x35: 23 20 28 16 26 29
42x44: 31 32 34 32 31 36
45x40: 39 45 46 44 59 43
44x40: 40 48 54 34 46 49
47x49: 51 44 38 36 36 35
36x39: 40 37 42 26 31 41
45x37: 38 43 42 44 46 43
48x48: 37 43 39 40 42 55
42x35: 23 24 30 27 28 22
37x36: 23 28 25 24 16 28
39x44: 31 37 25 25 35 28
36x47: 39 40 49 42 48 41
42x42: 44 40 42 40 56 48
39x43: 25 35 38 26 28 30
49x38: 53 53 41 43 50 49
42x36: 34 31 47 37 40 41
48x38: 38 48 42 49 46 57
44x50: 36 44 39 30 42 33
49x38: 26 29 23 42 33 38
35x46: 34 45 39 37 53 40
36x38: 30 24 41 37 36 39
41x46: 44 53 56 49 48 41
39x41: 41 37 44 42 33 48
46x37: 30 30 34 25 25 36
40x49: 38 35 34 40 25 36
42x41: 36 34 49 36 49 57
44x35: 29 30 44 44 48 38
38x40: 28 32 24 32 22 17
50x35: 45 39 51 38 45 50
39x38: 45 23 35 52 34 36
43x49: 42 45 34 27 38 37
37x35: 37 29 35 30 31 37
42x43: 35 32 34 31 26 38
46x49: 38 37 39 41 51 34
35x37: 26 28 35 35 40 33
40x47: 35 23 27 30 37 42
46x42: 42 59 61 56 36 45
50x42: 39 39 42 30 35 38
36x50: 33 36 38 21 27 37
35x45: 22 26 28 33 23 33
37x43: 36 19 29 23 28 33
46x35: 29 28 25 25 27 31
36x35: 31 33 31 36 32 31
42x38: 45 36 47 46 33 38
43x36: 27 28 26 31 24 32
37x39: 19 23 22 28 32 31
46x43: 54 51 60 50 49 41
44x36: 29 29 21 35 20 33
43x41: 41 42 44 48 48 47
44x49: 27 45 38 40 36 38
48x44: 29 35 35 40 47 37
48x50: 65 61 63 67 61 53
43x41: 31 36 26 39 27 23
47x35: 47 35 52 41 40 37
38x43: 33 23 21 29 35 26
48x46: 45 33 47 42 36 36
45x47: 55 51 56 56 52 55
37x43: 23 25 31 37 24 28
46x48: 57 43 56 63 62 55
39x45: 27 26 30 36 37 38
43x39: 33 34 26 27 28 33
42x43: 48 41 41 58 43 46
43x39: 32 33 25 33 32 27
41x47: 27 37 36 27 34 34
37x43: 50 32 43 48 30 41
43x45: 37 26 36 36 37 38
36x43: 28 26 28 23 31 32
44x42: 31 40 27 26 33 38
38x47: 44 47 50 53 38 43
35x43: 40 38 43 36 36 39
38x45: 29 42 25 30 26 27
38x37: 31 44 39 39 30 35
35x46: 34 30 23 27 24 26
37x42: 33 28 24 35 22 25
35x39: 31 40 34 36 33 37
49x46: 43 36 37 37 49 38
46x50: 33 43 51 35 47 30
39x40: 39 33 36 43 48 39
38x42: 26 34 27 23 28 30
41x48: 28 43 48 28 29 32
42x45: 42 42 21 43 30 31
42x43: 47 49 40 46 45 52
38x48: 34 50 57 47 42 50
41x45: 33 36 31 26 33 36
50x36: 41 32 40 28 28 23
50x47: 34 48 39 37 34 48
48x37: 39 44 43 52 54 40
43x42: 33 24 33 26 36 43
44x41: 38 24 34 29 31 26
35x36: 17 26 23 20 28 18
50x46: 37 48 46 35 33 40
38x42: 21 36 25 20 34 32
49x44: 59 67 45 57 49 59
36x35: 27 41 25 32 36 35
35x37: 27 41 33 33 39 28
35x46: 35 38 37 34 45 57
38x50: 59 41 46 54 42 50
41x46: 30 33 42 25 31 33
48x46: 37 42 38 45 35 43
45x42: 40 25 32 47 31 34
45x48: 57 56 60 55 51 54
48x39: 38 35 33 31 38 33
44x37: 38 48 50 37 40 39
38x42: 48 38 40 30 44 46
39x43: 38 27 34 30 24 28
44x36: 41 20 27 29 29 22
45x41: 34 32 35 23 39 32
43x39: 42 42 49 37 51 37
46x48: 35 44 47 35 38 40
47x39: 43 38 56 45 48 49
43x41: 51 47 36 52 47 40
44x37: 30 19 33 20 37 29
36x37: 39 34 27 27 38 41
37x46: 39 42 43 43 43 51
46x42: 25 38 44 43 27 33
49x35: 31 27 22 32 27 36
41x35: 18 13 31 28 24 29
40x43: 27 36 25 37 25 31
44x36: 29 35 24 29 28 22
47x49: 59 46 62 58 59 67
49x44: 55 45 46 47 64 72
41x49: 32 33 28 38 38 39
39x40: 44 41 28 38 41 49
40x40: 38 41 40 36 43 48
44x38: 44 51 33 40 41 51
36x46: 19 38 34 30 32 26
48x49: 33 47 45 40 43 47
48x50: 64 51 66 59 70 57
50x48: 40 45 36 40 50 45
36x40: 41 35 30 42 28 46
35x49: 36 32 26 29 35 17
47x43: 49 52 45 59 66 40
43x48: 32 42 34 36 33 46
39x48: 40 35 32 38 31 32
40x35: 21 36 21 20 26 19
35x42: 28 21 30 18 27 30
40x40: 27 35 28 28 27 23
42x46: 36 55 61 44 50 51
44x36: 35 36 60 32 38 41
47x36: 27 21 35 35 29 32
37x49: 37 23 34 27 44 26
42x40: 23 36 32 31 30 29
44x50: 63 54 40 58 65 59
39x49: 41 32 29 29 34 43
37x35: 24 17 19 27 20 25
38x50: 33 33 32 31 38 24
40x45: 26 37 37 28 32 34
49x35: 43 58 48 39 38 42
40x36: 32 40 38 39 34 39
43x35: 51 33 33 41 36 38
46x48: 55 68 49 51 64 56
49x46: 68 46 61 58 56 56
43x47: 37 36 34 35 31 37
45x47: 67 53 54 60 50 43
35x49: 39 50 53 43 35 45
40x48: 36 31 27 37 38 39
42x46: 52 40 45 63 40 55
49x35: 29 23 26 33 29 35
36x44: 21 30 22 23 33 38
39x49: 47 45 45 46 51 59
38x36: 23 22 21 26 21 30
38x38: 21 18 21 33 27 23
45x47: 64 44 46 54 53 63
35x37: 30 40 34 28 35 34
46x49: 41 59 53 54 70 68
42x46: 33 34 39 31 31 42
41x49: 49 55 45 65 46 50
43x39: 39 28 31 25 38 21
46x43: 48 40 44 48 63 58
48x45: 44 32 40 43 42 38
50x39: 51 41 51 43 57 55
47x41: 48 51 49 55 45 49
41x45: 28 32 38 31 35 30
49x39: 30 33 33 43 35 33
49x35: 26 26 31 38 27 27
43x50: 35 41 36 35 30 46
40x43: 30 33 29 34 27 28
42x46: 54 42 55 55 49 41
50x38: 44 56 48 48 45 53
49x43: 42 39 34 43 35 31
48x47: 33 41 47 43 34 42
40x41: 29 30 34 27 29 20
48x39: 42 36 33 31 31 35
48x41: 30 37 33 39 31 38
47x49: 66 68 68 62 43 51
50x36: 44 40 38 56 48 49
48x50: 36 48 44 43 42 43
41x40: 20 36 31 25 33 24
37x37: 25 28 25 25 22 19
39x38: 31 48 38 37 37 39
50x43: 34 46 26 41 38 38
46x45: 56 42 55 53 49 61
48x50: 56 73 74 64 54 51
47x43: 44 34 33 25 41 32
43x38: 42 47 41 45 41 37
48x44: 44 28 40 40 39 33
37x43: 31 25 19 35 31 26
39x41: 24 29 26 30 30 30
49x50: 49 40 54 34 36 43
45x48: 49 53 61 57 50 61
45x35: 42 41 50 41 39 30
43x50: 65 57 61 47 44 59
45x41: 35 27 38 29 33 32
36x36: 29 27 13 27 25 22
36x41: 25 18 27 26 32 28
44x48: 39 44 30 35 39 37
36x37: 25 26 24 24 23 22
48x43: 56 55 44 63 54 47
49x47: 34 49 53 32 35 36
44x38: 25 22 36 29 27 28
49x50: 54 34 42 43 35 47
45x39: 27 41 30 32 27 37
36x42: 29 29 35 25 27 23
42x37: 33 36 29 26 18 26
50x47: 52 43 28 31 39 47
37x36: 42 40 24 39 33 30
37x44: 23 26 17 32 35 35
48x47: 59 63 63 46 60 58
50x48: 50 39 43 41 36 47
38x37: 30 26 24 26 18 20
49x48: 59 64 57 72 47 64
44x35: 30 34 35 22 14 19
36x49: 39 29 26 37 32 29
42x36: 38 40 46 42 28 39
49x42: 32 36 34 50 44 28
38x45: 25 24 33 34 30 33
42x46: 31 36 46 39 37 21
50x40: 54 47 51 58 47 50
37x43: 37 42 36 42 39 49
47x41: 44 49 53 50 50 50
44x47: 31 41 46 24 36 32
50x50: 70 58 61 76 59 60
48x47: 48 40 32 33 43 44
44x40: 23 29 37 33 33 26
50x44: 41 37 24 39 32 50
41x49: 56 66 40 44 53 55
49x42: 49 55 50 52 60 51
38x40: 29 44 44 26 41 50
48x42: 39 40 36 37 38 33
47x38: 40 41 58 48 41 45
40x47: 35 32 31 32 36 28
36x49: 31 32 30 37 36 26
41x42: 26 28 25 37 34 31
38x49: 42 45 43 51 49 55
46x43: 50 52 62 49 57 35
46x41: 32 23 36 32 39 33
36x44: 45 28 40 48 37 43
38x47: 52 36 51 42 50 42
43x48: 35 26 43 38 44 37
39x49: 32 32 38 32 32 42
50x41: 50 52 39 63 62 49
45x36: 45 45 30 42 49 40
37x42: 23 32 26 25 34 27
43x47: 46 27 40 34 33 29
47x45: 32 32 39 52 40 29
39x43: 17 35 30 29 34 36
37x49: 55 42 45 52 51 34
35x37: 33 32 38 38 37 21
43x37: 43 46 41 50 31 36
40x48: 28 45 30 38 29 38
43x39: 30 59 36 44 48 44
43x41: 36 45 42 42 54 51
36x47: 31 21 40 28 31 28
44x36: 29 29 28 21 32 28
38x35: 24 16 22 28 19 22
45x41: 46 55 47 44 45 49
50x45: 57 50 62 61 60 54
50x40: 53 47 57 48 49 53
39x38: 36 38 39 38 39 38
43x39: 37 34 29 30 27 24
47x47: 43 41 41 39 31 30
40x40: 25 39 20 28 26 30
48x50: 58 69 50 60 49 85
36x49: 51 51 46 47 43 36
45x43: 45 45 56 58 44 48
36x41: 30 37 46 40 35 38
40x50: 45 55 58 46 59 45
49x48: 53 36 42 42 45 38
44x39: 28 30 34 25 34 30
41x48: 46 46 62 45 41 61
44x39: 42 58 47 41 43 37
48x39: 54 51 42 54 51 38
49x47: 56 34 33 44 37 35
41x39: 28 23 30 34 25 29
48x43: 57 45 52 48 54 60
41x39: 34 25 19 25 32 33
38x48: 26 32 30 31 36 37
49x47: 57 54 64 60 63 55
41x43: 44 55 51 35 48 41
50x49: 44 44 41 40 47 39
45x35: 27 33 22 30 28 25
39x47: 33 37 41 27 36 20
37x41: 40 20 23 24 27 21
39x40: 40 43 44 36 31 47
46x36: 31 41 44 48 46 43
41x39: 48 36 35 42 36 49
46x35: 33 27 23 24 24 33
48x43: 61 53 55 41 49 60
46x45: 37 38 38 40 37 34
50x49: 34 46 38 38 50 50
37x45: 46 47 46 36 44 39
37x36: 30 21 27 26 15 24
37x43: 42 36 47 34 48 37
45x42: 49 44 41 64 42 50
37x39: 19 35 23 22 28 29
50x39: 39 26 36 34 30 42
42x50: 46 57 59 70 46 45
42x42: 36 41 39 59 43 51
44x48: 41 28 42 36 37 39
40x44: 27 28 30 34 27 35
36x40: 32 36 32 47 38 36
46x45: 31 45 27 42 38 42
35x39: 24 21 26 23 23 25
46x50: 36 55 36 41 32 39
37x36: 24 25 26 22 23 23
36x50: 30 26 31 43 35 27
36x49: 36 37 46 55 48 46
42x39: 37 37 35 50 55 36
41x38: 44 34 38 46 44 33
48x45: 33 32 48 46 33 48
36x36: 22 27 26 28 20 21
35x49: 53 42 48 43 36 43
44x41: 40 25 29 34 26 28
42x46: 34 25 37 29 44 40
43x36: 35 31 21 27 20 34
49x43: 64 61 47 54 46 56
37x48: 41 50 42 46 51 44
35x45: 27 35 55 33 43 46
42x41: 36 36 28 32 28 22
49x35: 37 26 31 23 34 25
38x44: 30 30 32 17 19 39
44x38: 26 26 36 28 24 28
46x49: 37 45 51 26 44 36
36x45: 26 33 24 33 33 31
39x42: 38 21 31 31 37 23
49x39: 51 61 47 49 46 44
38x46: 51 45 39 38 45 52
45x35: 31 28 25 26 30 25
46x44: 44 53 59 46 53 56
46x40: 28 27 29 33 42 35
36x44: 28 22 32 28 30 27
40x46: 39 50 50 44 52 48
43x47: 50 42 47 65 57 47
46x40: 52 22 36 53 58 56
40x46: 35 40 26 34 35 24
36x35: 24 17 19 30 20 22
46x46: 33 41 40 37 40 33
44x46: 59 56 46 48 43 62
50x47: 65 59 59 63 60 56
43x39: 39 40 39 44 43 52
41x49: 36 36 29 33 36 37
47x50: 44 69 55 67 62 65
41x47: 48 30 34 31 30 21
48x47: 56 47 56 60 64 61
39x49: 48 31 43 63 47 57
48x49: 62 69 68 63 55 48
47x35: 30 22 27 24 26 36
36x47: 48 42 46 23 50 52
35x37: 27 19 29 11 21 25
42x43: 30 36 28 38 33 31
36x50: 38 32 52 54 50 46
47x35: 35 38 41 44 43 50
41x45: 39 24 34 29 29 40
39x47: 29 32 43 23 28 39
39x47: 31 23 39 35 29 37
37x43: 29 32 28 31 21 27
38x42: 28 24 31 23 31 30
36x39: 34 21 29 24 23 24
40x42: 20 32 26 36 38 29
40x44: 51 45 40 43 48 45
35x36: 20 34 21 19 24 14
50x45: 64 50 54 67 46 64
42x50: 26 32 41 41 44 40
43x44: 56 58 36 57 48 40
37x47: 39 45 54 43 48 38
49x42: 54 63 53 38 47 65
36x48: 33 27 44 31 27 29
41x37: 35 39 47 34 41 37
41x43: 45 50 39 35 57 47
49x39: 38 42 32 36 33 27
36x36: 30 36 40 29 27 38
36x46: 28 29 30 35 27 31
44x49: 51 47 62 61 48 60
48x44: 50 52 69 46 57 50
35x41: 46 29 40 32 36 37
48x36: 44 32 20 32 35 29
42x50: 44 29 38 33 43 36
39x40: 41 46 40 43 38 34
49x41: 37 26 43 30 41 31
37x42: 22 19 37 22 36 31
47x39: 28 40 33 32 33 29
41x37: 48 32 36 35 45 37
48x43: 34 26 42 45 50 27
49x42: 24 29 43 49 41 38
43x47: 39 40 28 23 38 41
47x47: 74 51 58 51 53 54
38x40: 25 27 33 23 24 24
39x40: 42 41 35 44 40 39
36x42: 29 35 19 27 32 26
43x46: 29 34 36 38 26 47
36x47: 25 22 30 28 33 41
37x48: 43 41 42 49 43 54
46x44: 67 45 41 66 46 47
44x37: 45 37 49 37 40 42
41x46: 32 31 28 30 40 33
44x40: 34 30 40 27 23 27
43x41: 27 30 22 35 36 31
36x39: 20 32 18 30 29 27
44x50: 37 37 32 43 38 36
50x43: 44 30 39 37 39 35
40x46: 29 44 28 37 26 31
46x42: 33 26 35 30 44 41
43x46: 52 44 48 51 56 52
39x39: 28 31 28 27 30 24
45x35: 44 44 44 39 41 32
41x45: 38 45 41 64 46 48
40x36: 30 23 20 23 34 26
44x49: 39 36 28 45 40 36
50x44: 47 58 53 50 64 66
39x37: 36 29 49 33 35 38
35x38: 27 48 37 36 31 29
49x41: 36 40 32 35 38 27
40x50: 35 30 30 42 36 34
40x41: 29 22 37 24 33 23
36x50: 53 42 47 39 49 47
37x36: 26 31 19 20 23 25
39x38: 32 36 36 42 36 45
42x48: 51 51 56 47 62 43
39x39: 37 42 39 40 38 39
42x39: 25 24 35 33 31 33
42x38: 30 24 33 29 28 24
48x38: 50 45 42 40 52 52
46x49: 36 38 40 40 44 41
48x44: 56 52 58 55 51 53
49x45: 57 58 48 69 50 58
41x49: 33 40 32 31 31 40
41x41: 46 49 41 40 37 48
40x36: 37 48 39 39 33 29
42x36: 36 25 29 25 24 29
49x37: 50 41 37 57 45 48
46x43: 46 48 55 60 52 42
43x49: 29 47 43 32 35 38
38x41: 42 35 38 44 38 42
37x36: 16 21 18 33 27 29
47x36: 30 28 32 38 25 26
48x43: 35 42 34 34 49 30
43x44: 29 27 33 38 32 36
36x40: 36 19 29 19 33 20
46x35: 25 29 30 39 19 23
42x36: 41 42 36 36 41 38
37x45: 41 35 40 42 46 50
42x36: 38 40 33 37 39 46
38x38: 12 25 37 24 22 24
49x38: 29 33 40 29 28 32
39x36: 48 39 36 34 33 29
40x37: 24 29 30 25 17 31
40x39: 20 28 36 19 27 38
47x43: 39 32 43 37 35 23
50x45: 64 50 52 63 62 54
42x50: 46 31 25 47 36 38
38x39: 20 30 19 33 22 31
46x35: 43 40 36 41 35 53
41x43: 34 31 23 42 20 31
36x46: 30 16 29 32 41 32
47x38: 47 59 39 51 38 45
48x37: 46 50 46 44 36 53
42x36: 37 40 48 41 31 36
40x38: 26 27 31 23 25 24
41x40: 28 30 16 28 32 34
46x44: 39 44 26 31 32 37
39x38: 27 12 22 30 29 36
42x39: 29 28 34 25 41 24
41x38: 51 31 47 38 31 41
36x47: 45 40 36 37 47 55
37x40: 32 44 39 46 36 32
44x35: 25 26 20 25 32 25
42x42: 26 42 29 28 35 36
36x40: 28 23 29 20 25 30
46x35: 25 33 20 29 30 28
50x39: 50 56 59 44 40 53
45x49: 42 66 48 58 66 60
43x39: 40 26 21 27 34 34
40x37: 28 27 24 27 34 16
35x39: 23 28 32 16 20 23
48x35: 27 34 30 25 30 30
47x39: 60 39 42 39 48 54
43x36: 27 30 27 35 30 19
46x49: 32 39 41 41 44 42
36x38: 35 25 36 38 41 33
42x50: 52 57 51 65 49 50
38x37: 35 42 45 34 33 29
45x49: 59 53 47 61 70 49
40x39: 21 24 28 32 36 27
42x48: 33 39 32 41 42 36
35x46: 29 23 27 26 32 28
35x40: 31 26 26 17 21 21
48x49: 41 48 44 40 37 45
36x36: 22 21 27 24 33 17
49x46: 39 51 35 39 38 37
43x37: 32 28 18 21 41 27
44x49: 40 38 39 32 30 44
36x36: 23 20 22 28 22 28
41x35: 25 23 23 16 26 29
41x37: 44 31 49 37 32 39
38x44: 26 28 31 24 25 33
41x39: 22 29 35 31 22 29
44x48: 44 41 29 36 39 34
48x48: 47 84 53 56 61 59
49x45: 65 54 52 57 62 50
47x40: 52 51 45 43 59 41
42x47: 41 46 34 24 34 31
35x45: 25 28 29 24 27 32
38x44: 32 25 28 25 22 36
41x46: 27 31 37 38 29 33
49x41: 48 55 52 39 61 55
44x43: 29 24 43 31 37 31
36x46: 29 34 26 30 26 35
43x43: 47 34 55 45 42 58
39x41: 49 46 37 43 40 34
49x43: 49 52 56 59 55 52
42x39: 40 35 23 26 29 28
49x42: 50 62 44 60 50 53
45x37: 27 29 36 20 26 41
35x49: 37 40 40 58 37 50
44x37: 44 41 42 38 38 48
39x47: 36 32 42 31 32 21
49x45: 50 58 56 65 54 56
44x39: 54 45 32 27 59 49
38x35: 32 35 30 30 42 36
40x47: 37 49 51 62 49 40
42x50: 42 22 38 43 37 42
38x48: 33 22 27 30 46 33
42x50: 30 26 40 41 44 42
46x46: 55 51 60 56 45 58
39x39: 36 46 31 40 40 43
46x42: 46 53 54 48 47 50
37x45: 32 34 21 30 29 34
35x39: 43 30 41 33 31 32
37x43: 35 43 46 46 34 41
49x42: 40 36 38 34 39 36
38x44: 35 38 59 46 36 41
45x45: 40 46 33 33 36 36
43x45: 28 34 42 30 31 45
35x49: 28 22 24 34 38 30
50x38: 32 34 28 33 33 32
45x37: 25 32 31 30 27 35
35x48: 25 31 26 39 21 33
38x43: 44 42 46 37 36 47
40x47: 46 48 53 34 51 57
42x50: 49 38 32 38 33 33
37x38: 26 26 22 19 29 21
38x40: 28 54 37 35 51 32
43x38: 40 48 38 34 42 51
45x44: 41 30 33 36 42 28
43x40: 27 28 28 23 28 48
50x49: 43 54 39 40 45 35
40x47: 38 37 20 26 35 38
49x38: 34 36 26 31 24 41
48x38: 19 33 28 36 34 42
47x38: 55 51 52 48 37 35
49x45: 52 61 61 68 51 47
50x40: 53 65 44 45 39 66
50x47: 39 33 39 40 52 37
37x48: 28 29 40 21 34 39
42x45: 34 27 32 42 36 39
36x39: 16 29 26 34 22 29
39x48: 32 48 54 48 50 54
43x49: 59 64 52 53 53 47
38x48: 49 49 51 47 43 43
36x50: 38 34 39 23 36 21
43x40: 29 27 31 31 34 29
46x41: 30 39 28 33 28 36
44x41: 24 39 33 30 22 34
39x36: 25 28 20 30 24 28
41x44: 29 31 29 34 31 27
38x37: 37 37 32 49 27 35
39x47: 30 34 42 28 37 23
47x41: 33 34 33 29 30 35
37x43: 43 39 34 46 33 50
43x49: 27 42 32 48 41 34
38x40: 19 25 26 27 29 30
41x44: 44 55 43 43 55 40
40x43: 26 37 32 28 32 27
44x37: 28 30 26 33 18 33
46x44: 34 45 29 25 37 40
37x39: 33 35 30 43 31 49
40x46: 32 27 31 31 41 32
49x37: 26 29 32 27 33 45
45x41: 50 45 34 42 53 60
45x35: 38 22 20 35 32 18
42x41: 22 33 32 20 40 34
49x36: 50 51 46 48 34 45
50x42: 29 35 33 41 43 43
36x46: 34 30 29 29 27 31
35x46: 23 26 35 26 24 30
43x48: 37 32 48 32 39 36
40x47: 47 54 49 43 49 49
35x48: 26 26 36 35 29 24
48x37: 33 34 33 38 28 25
49x46: 37 31 44 36 48 44
37x49: 33 30 34 29 32 33
49x40: 32 40 29 41 33 32
36x45: 27 23 31 34 30 34
44x50: 38 32 42 37 37 38
47x42: 48 59 52 41 57 49
39x47: 30 36 41 27 35 26
37x44: 30 34 55 50 46 32
46x40: 29 31 24 31 33 46
45x39: 27 29 42 39 27 30
42x45: 48 62 45 49 41 50
44x50: 42 38 32 32 39 40
38x48: 43 46 52 43 53 43
42x40: 41 45 47 43 42 41
43x50: 42 32 37 38 31 43
49x43: 32 44 38 38 34 37
37x41: 35 22 23 28 24 23
48x46: 46 40 36 42 33 43
36x37: 29 36 36 35 35 34
48x38: 38 33 31 28 32 30
47x50: 55 64 60 60 68 55
38x44: 30 31 25 25 23 33
47x48: 48 39 51 23 40 38
46x44: 49 47 45 53 58 58
44x48: 41 23 37 40 38 45
42x45: 43 27 41 38 30 31
35x38: 36 37 27 26 35 45
35x45: 22 32 27 26 22 36
46x39: 37 53 50 42 48 47
48x47: 44 47 33 38 42 36
47x40: 32 42 28 27 37 29
48x41: 52 50 49 53 43 56
50x44: 48 36 36 35 32 36
35x45: 26 24 28 29 30 27
44x41: 33 36 22 31 26 34
36x49: 33 38 27 40 37 16
46x48: 49 68 53 57 60 55
50x40: 38 35 36 36 32 30
44x43: 17 27 48 45 32 27
38x43: 43 43 49 41 30 46
43x37: 36 28 26 26 30 22
36x41: 25 19 29 29 24 30
46x50: 36 35 33 47 39 49
49x44: 47 56 49 56 64 59
50x46: 53 68 58 58 64 55
38x42: 26 26 27 32 25 31
45x35: 32 29 45 40 50 42
41x50: 53 46 52 44 64 55
36x47: 24 38 25 26 31 36
35x44: 32 28 22 22 29 21
37x42: 45 40 37 37 42 39
41x47: 52 49 50 38 48 60
41x41: 50 43 56 35 34 42
50x45: 52 56 45 55 71 66
37x43: 34 37 44 35 40 53
43x42: 37 30 31 27 33 38
35x37: 19 25 20 22 26 20
47x42: 29 33 29 43 32 44
39x43: 40 30 30 21 33 27
49x39: 58 54 47 40 55 43
37x48: 41 36 50 53 37 53
35x41: 48 48 36 26 28 40
39x37: 28 34 19 18 26 30
42x38: 23 34 31 22 30 28
47x44: 49 68 37 48 64 56
49x38: 30 37 31 33 26 34
46x42: 56 55 48 53 47 41
39x42: 29 30 34 34 33 22
49x40: 34 32 36 40 36 29
39x39: 27 26 21 26 39 30
49x44: 45 34 44 28 39 34
38x45: 48 41 41 49 41 43
40x39: 23 37 24 26 25 34
35x45: 28 25 30 20 35 26
35x40: 34 38 39 37 31 37
44x45: 41 60 43 54 53 55
42x41: 50 40 42 44 48 41
47x41: 33 28 42 39 27 25
44x40: 39 52 51 47 35 48
35x44: 53 42 30 41 33 41
49x50: 77 66 60 59 50 68
40x50: 30 32 32 39 38 37
36x50: 45 46 54 46 58 28
36x50: 49 40 43 57 49 38
37x35: 27 22 19 23 21 19
35x35: 20 11 21 24 19 25
37x36: 36 33 30 30 33 43
38x42: 51 37 43 35 31 49
49x48: 55 56 65 61 70 53
40x41: 31 26 21 28 33 30
35x45: 26 24 21 30 35 29
42x39: 42 37 39 52 44 37
36x45: 60 34 29 50 38 39
38x46: 47 40 49 47 46 39
45x38: 25 28 33 32 27 34
37x46: 26 40 23 38 31 22
35x35: 16 20 23 13 23 25
44x39: 29 28 39 27 28 31
48x46: 59 59 54 60 55 54
44x42: 34 32 34 32 31 33
45x37: 37 41 47 42 38 50
40x42: 46 49 30 42 52 42
43x42: 34 33 31 31 32 35
43x49: 49 51 64 52 53 54
50x42: 45 30 38 44 30 37
39x35: 35 44 39 31 39 25
42x49: 42 32 38 37 28 46
49x49: 59 57 54 71 71 56
38x37: 40 43 34 34 36 32
47x44: 37 32 33 40 38 29
38x39: 17 30 24 30 23 31
40x48: 39 40 24 32 35 38
46x37: 51 46 51 42 31 43
50x45: 41 36 46 33 29 54
35x48: 40 42 32 53 52 39
45x38: 30 33 26 30 30 30
39x50: 33 32 36 31 41 35
40x39: 37 30 28 27 23 23
50x41: 37 37 31 41 24 38
39x37: 39 32 34 36 42 38
42x40: 38 53 43 40 29 58
43x44: 21 26 31 25 47 46
39x37: 24 23 29 20 31 28
43x43: 38 49 51 47 43 56
