102
1079
1553
1802
2132
2756
3631
3734
5247
8835
9237
12026
12086
12612
13544
23149
23905
26150
28995
29181
29356
30442
31997
32351
33784
33802
39496
44212
45877
52328
53749
57924
59560
61063
63199
65659
68344
72025
78163
79409
80097
81348
82643
83016
84693
91444
96417
97041
99249
102222
104164
108062
108886
109951
110723
113570
114294
115945
117509
118181
118319
118599
119949
122710
123093
123124
124379
125152
126455
126771
127879
128212
130119
133681
134846
135195
135546
137219
137388
142609
142678
144145
146327
146701
147119
147457
152543
153866
155871
157026
160155
160330
166844
166934
167407
168817
169558
172595
173307
178189
180319
180817
181547
181661
183138
183587
185693
189903
190784
192161
194016
195340
195926
201123
203316
203406
204593
208129
209337
209700
209981
213068
215257
218523
219526
221744
221995
222766
223185
225051
226293
227538
229497
231188
231928
244552
246774
248628
248659
248673
253200
254179
254473
256332
259944
261399
262997
263951
265440
266098
269787
271814
272240
274121
274496
277662
279580
279984
281428
282355
285141
286744
287240
287881
290619
292135
292897
295401
296645
299301
300079
301607
301976
303249
303587
304971
306199
307643
313592
313622
314932
315489
317568
319077
319433
319781
320757
320903
328298
328352
331265
332929
332978
333637
334847
335100
336702
337285
337869
338379
339049
339868
340686
340861
343391
344088
346468
351543
352029
354301
355024
356757
357586
358997
359349
359459
359661
360907
361599
361647
362204
362570
363624
363638
364243
367096
367986
368357
369688
370523
370526
371674
372643
372945
373180
374361
376336
376362
377884
383184
383949
384975
386638
387430
389327
393389
396757
398291
399419
402269
404321
405166
410427
411704
412047
413961
414315
416554
420523
423457
423606
426917
427007
427549
428056
429041
429367
437795
439629
440482
447157
453115
453320
454593
456412
456961
460912
461049
461121
462559
466000
467516
468767
474477
474552
475444
475632
476480
478353
481629
481675
485477
486571
487021
490139
492468
495734
497359
499370
504656
505466
508550
511010
512087
512677
516090
517071
518559
520035
520762
521207
522802
525825
527074
527872
531797
536562
537090
537519
542099
542993
544549
546095
546859
547776
548884
552026
554190
555684
555820
556094
558122
558631
558705
560928
561068
561141
561631
562245
562700
567524
567597
568715
568968
571161
571366
574915
577098
577916
578814
579373
583116
585269
593414
593665
596117
600335
605296
608723
611049
615364
616034
616887
618170
618195
620029
620160
623042
627365
628095
629230
631327
636358
638973
640358
642505
643284
643435
645422
646705
649936
649953
651934
652704
654261
655987
658250
658964
661760
663003
663972
665557
666730
667862
668144
669735
671483
673870
673990
675680
678116
678936
684741
687122
688241
690191
691307
691556
692973
694414
698222
701248
701424
701742
703000
703649
709628
711408
712132
713233
713521
716018
716073
716499
719301
723126
726408
726646
726790
726934
728532
728628
730235
731057
731118
731696
733238
734286
734693
735176
735835
737163
738703
741711
742102
743040
747759
748034
748137
753543
754287
757515
759487
759581
760043
760530
762636
766397
767758
770180
770671
773782
773913
774311
774684
774925
779659
779961
781586
781661
781849
785288
791175
791382
797092
797514
798730
801366
803561
805599
807770
808167
808443
808518
809604
809887
809893
813973
814432
816809
817344
819310
819636
820218
822405
822988
823841
828146
828448
832262
836857
839909
840362
840462
846317
847240
849315
851131
852685
853140
853277
854083
855987
856066
856488
857010
857170
857830
857898
864491
864958
865318
865854
866035
866742
870903
870917
870954
872038
875907
876607
880450
880967
882346
883078
883904
890549
890698
892002
892981
893217
896404
900962
901364
901451
901539
902034
902561
904479
904674
905708
906669
906986
914907
915524
915621
921379
924045
926632
927751
928649
932392
932419
932986
935822
937167
937389
937911
941530
945121
945894
948121
948630
952359
953162
954458
955335
957406
958519
960823
960970
961094
962070
966099
971221
971570
972451
972565
980465
983023
984404
984469
986834
986997
988515
990341
992028
992235
992807
992848
995793
997517
998337
998780
999082
1001044
1002546
1002895
1006649
1006879
1008974
1010864
1011987
1015339
1016045
1017639
1019215
1022198
1025220
1025272
1029087
1029440
1030410
1030599
1030883
1030926
1033478
1034740
1034954
1035018
1035173
1035175
1037262
1038533
1038922
1044523
1044565
1047217
1051793
1052311
1053288
1053925
1054990
1055998
1056942
1057501
1058468
1058674
1061253
1061280
1064278
1064656
1065174
1066019
1068055
1069407
1071974
1073606
1073691
1073859
1074073
1074148
1074271
1075338
1075452
1078049
1079961
1080834
1082278
1083979
1084773
1084999
1086641
1087356
1088700
1092521
1093229
1093255
1096387
1097982
1099126
1099365
1099671
1100157
1101403
1101626
1105545
1105938
1107142
1109419
1111149
1111436
1113034
1114298
1117738
1119176
1119758
1121349
1122167
1124389
1126555
1128820
1131847
1132502
1134701
1135499
1135745
1136639
1138585
1139789
1140852
1143627
1143884
1144216
1144275
1144598
1145352
1146674
1148320
1151269
1152807
1153384
1154237
1157283
1158049
1158782
1158872
1160679
1164251
1165882
1165975
1166438
1171173
1171241
1171722
1173838
1174081
1176957
1177259
1178668
1182400
1182461
1184218
1184531
1186201
1186958
1193689
1199343
1199418
1199479
1199751
1201140
1202035
1204196
1206664
1207764
1209792
1210271
1210322
1211242
1211287
1212515
1212588
1213242
1214521
1214710
1214765
1217136
1218701
1218780
1221622
1222257
1222673
1223756
1225523
1227234
1228771
1229009
1230210
1231361
1231577
1231865
1232299
1232505
1233627
1237640
1240788
1240915
1242734
1249283
1254090
1254420
1254583
1254626
1255261
1256938
1258735
1258969
1260793
1262029
1262403
1264218
1264457
1264908
1264938
1266116
1271597
1272348
1273709
1274323
1275116
1275212
1275545
1278468
1279029
1281586
1281897
1285160
1285352
1285806
1286241
1289211
1292381
1293942
1294634
1294675
1296535
1297928
1298632
1300491
1301880
1302137
1302264
1305709
1306433
1306806
1308943
1311882
1314514
1315670
1317142
1317158
1317364
1317491
1318462
1318568
1318631
1320130
1320483
1320749
1324972
1325667
1327711
1329309
1329443
1331181
1331556
1333974
1336688
1337460
1338883
1342765
1344358
1346269
1348032
1350281
1350382
1353808
1354148
1356621
1358385
1359163
1360195
1360648
1361719
1362202
1362961
1365901
1369025
1370089
1370916
1373461
1373910
1375049
1375351
1376295
1377262
1381673
1388417
1391436
1393110
1394129
1397816
1399615
1400743
1405301
1405333
1406166
1406410
1410317
1410501
1413161
1415740
1415823
1418430
1419542
1420055
1421894
1423808
1424748
1428969
1431232
1432725
1433852
1438960
1439972
1440010
1442062
1442597
1445221
1447124
1447169
1448020
1448534
1449348
1451365
1451677
1452734
1453450
1455443
1457539
1458318
1460997
1461268
1464865
1465803
1466133
1466560
1467237
1467480
1468277
1469330
1470393
1470925
1472465
1473724
1473892
1475267
1479287
1479671
1481127
1481185
1483055
1483719
1487132
1488822
1488906
1492546
1494900
1497846
1498029
1500474
1501730
1503050
1503114
1504994
1506936
1509721
1511098
1512257
1512347
1512947
1513142
1513534
1514585
1515925
1516315
1518151
1520479
1522263
1522781
1526600
1526649
1527276
1531995
1532219
1532835
1533814
1536897
1537113
1537725
1540098
1542179
1542407
1542839
1543861
1543896
1544002
1545538
1548046
1549690
1553040
1553933
1554968
1555321
1555459
1557432
1561078
1563542
1565160
1566118
1570621
1571382
1573190
1574199
1577539
1581203
1581651
1582765
1583300
1584240
1584536
1584607
1588614
1588857
1589736
1591735
1592127
1592792
1592819
1597382
1597752
1598418
1598949
1599316
1600899
1601834
1602376
1605600
1605635
1609525
1609809
1611171
1611371
1612428
1612763
1615600
1616849
1620089
1620533
1620780
1622792
1624029
1624739
1629630
1633883
1634179
1634581
1638898
1639283
1640319
1640875
1647862
1648294
1648484
1650638
1650959
1656099
1658119
1658268
1658901
1659519
1660490
1664298
1666410
1673244
1676373
1676955
1681824
1682785
1683385
1686245
1686749
1686959
1687274
1688759
1689518
1690528
1691978
1693202
1694238
1694860
1695130
1695658
1696064
1697849
1699973
1700485
1701998
1702502
1706780
1706889
1708100
1708782
1716034
1716971
1719612
1721516
1721740
1725127
1725853
1727091
1727522
1728672
1730986
1731914
1732039
1733581
1738098
1739766
1739968
1742112
1742372
1742380
1744105
1744465
1745062
1746044
1746211
1746760
1758153
1758551
1758615
1758630
1758757
1759473
1762719
1764113
1764228
1766450
1766931
1768213
1768574
1769325
1770885
1773287
1773878
1777874
1780163
1783781
1784333
1785372
1788570
1791159
1793924
1794515
1796009
1796096
1798977
1799626
1801606
1806613
1810195
1814581
1815418
1815921
1819690
1821693
1822852
1823113
1824112
1824561
1830783
1831140
1833626
1833992
1836437
1837638
1840931
1841027
1844470
1845209
1849673
1850662
1852210
1855344
1856027
1856612
1857828
1859887
1861503
1861725
1863190
1865065
1866269
1869026
1871554
1872866
1873001
1873694
1874237
1877474
1877917
1879914
1884831
1885820
1886208
1887044
1887093
1889817
1890029
1890418
1892411
1894980
1895205
1896314
1898287
1900635
1900774
1902006
1902814
1904132
1904216
1904556
1905539
1907083
1908104
1909593
1910385
1910529
1912069
1912261
1914587
1915725
1916703
1922437
1923176
1923894
1926732
1930275
1932594
1932782
1933794
1937450
1940671
1942974
1943289
1946736
1947775
1947928
1949227
1949906
1951886
1954366
1954633
1955049
1958387
1958558
1960517
1961598
1961682
1963440
1964608
1969004
1969785
1972129
1972355
1974728
1976029
1976376
1978355
1979960
1980138
1982492
1982955
1983679
1984155
1985240
1987279
1988584
1992344
1994361
1996759
2000504
2004089
2004395
2006282
2007032
2007622
2007859
2008956
2009793
2010051
2012047
2016747
2016974
2017055
2017461
2022774
2022902
2024826
2029285
2031945
2032568
2034061
2038721
2042440
2042756
2044351
2045043
2047735
2049551
2051595
2054076
2054080
2056096
2057002
2058711
2060864
2065119
2065684
2066985
2068181
2069876
2074395
2075134
2075348
2075403
2078236
2079371
2082274
2087800
2089275
2090414
2090911
2091018
2092533
2093608
2093786
2099363
2103778
2103855
2105938
2108120
2112148
2115211
2115233
2117940
2118019
2119850
2122756
2124213
2125972
2128028
2129164
2129379
2130193
2131688
2132367
2134254
2136970
2137053
2139296
2139544
2140126
2140213
2143457
2147235
2148668
2149036
2150552
2152379
2153350
2153594
2155032
2156257
2156979
2158225
2158493
2159563
2159576
2159810
2160287
2161069
2162095
2164060
2167216
2167614
2167968
2168156
2168787
2169392
2170935
2171225
2172108
2174270
2174550
2175223
2175655
2177261
2177693
2180066
2180743
2182722
2183744
2183950
2187211
2189712
2190036
2193559
2193890
2196605
2203808
2205605
2207962
2209249
2210477
2217001
2217468
2217687
2217907
2219827
2223238
2223478
2223721
2223776
2224847
2225151
2225704
2227509
2229800
2230503
2230867
2231288
2232342
2232905
2236762
2244187
2244609
2244993
2245789
2246756
2247659
2249455
2249601
2252296
2253480
2255136
2258196
2261438
2261977
2263506
2263733
2263796
2264353
2264477
2265593
2265941
2266295
2266793
2267348
2268185
2268355
2269490
2271348
2272409
2273150
2276775
2276944
2279033
2279156
2280045
2281067
2281777
2284840
2287132
2287189
2289052
2289972
2290759
2292877
2294068
2302972
2303687
2304465
2304750
2306595
2308472
2308785
2310508
2312702
2313673
2314094
2314265
2314841
2315808
2317185
2317736
2319704
2321230
2322899
2323335
2324467
2326177
2330017
2331963
2332748
2332817
2335665
2340961
2344525
2347887
2348748
2351629
2351680
2353269
2354683
2356131
2357863
2360979
2362647
2366131
2377326
2379655
2380863
2383992
2384307
2386022
2386181
2389009
2389968
2398279
2400172
2401010
2401833
2404221
2405780
2406261
2406466
2406888
2410831
2411084
2411480
2415385
2418237
2418463
2419420
2422158
2423341
2424628
2426534
2428820
2429113
2429914
2433686
2433845
2435012
2435165
2437941
2438658
2441487
2441528
2441958
2442675
2446843
2448215
2453505
2456890
2460190
2462070
2463414
2463954
2466927
2467961
2468999
2471095
2471393
2471699
2473588
2474402
2475057
2477660
2478937
2480908
2481585
2481994
2482378
2485355
2487696
2490357
2490899
2491767
2492213
2494219
2495310
2497024
2498064
2499494
2500215
2502573
2503875
2504187
2505588
2506861
2507244
2508470
2508565
2516977
2517937
2524612
2525501
2528694
2535236
2536526
2539116
2540410
2543453
2543472
2543527
2545914
2550206
2553654
2555368
2556089
2557661
2562473
2563430
2565001
2566031
2568354
2568456
2570984
2572098
2572414
2576102
2576339
2577371
2580990
2584460
2588839
2591436
2591837
2591936
2593700
2593720
2595208
2595404
2595861
2595867
2596633
2596913
2598812
2601246
2601642
2601895
2604755
2605271
2607973
2610677
2611726
2615716
2618650
2620817
2621043
2623328
2624780
2627021
2628665
2629740
2629958
2632851
2633502
2636007
2637588
2639137
2639907
2644548
2646320
2647698
2648792
2651532
2651835
2651923
2655206
2656109
2657397
2659994
2660798
2661867
2662238
2664194
2666289
2666824
2670845
2671784
2671843
2674760
2675309
2678430
2682231
2683106
2684320
2685187
2686192
2686378
2686800
2687789
2687908
2690340
2690515
2693080
2693194
2694481
2698027
2698315
2698635
2700950
2701129
2703523
2703825
2706107
2707882
2710618
2711512
2718905
2720812
2720904
2724307
2724345
2725855
2729409
2729666
2736159
2736881
2737518
2743597
2745044
2745476
2745499
2746900
2747160
2748145
2748561
2751343
2752155
2752741
2753284
2757999
2760051
2764700
2765854
2766075
2767633
2769339
2774713
2774765
2774888
2775241
2777711
2778901
2779427
2781180
2781746
2785237
2786528
2786959
2788264
2788479
2795341
2800535
2801272
2802274
2803742
2805518
2807260
2807727
2809449
2813494
2815055
2817026
2820192
2820659
2822401
2823215
2823398
2823764
2824965
2826101
2831410
2836076
2836151
2839033
2840823
2841002
2843348
2844323
2845148
2845564
2848726
2851364
2852547
2856865
2859077
2861027
2861450
2864326
2864808
2870538
2872248
2875092
2875498
2876112
2876277
2877350
2878023
2878482
2880588
2881644
2882379
2883048
2883072
2884045
2884561
2884662
2885623
2885980
2889211
2889325
2892265
2893556
2896742
2898556
2900347
2901088
2903300
2903405
2904193
2904313
2904670
2904950
2906659
2911341
2911486
2912792
2923606
2924161
2926525
2930273
2930434
2933402
2935420
2935830
2936466
2937299
2938711
2939478
2940992
2944513
2945577
2947497
2948026
2948324
2948431
2949182
2949809
2951498
2952742
2955284
2955405
2955672
2955856
2957546
2957971
2961274
2964138
2967400
2968406
2971462
2972449
2973675
2974073
2975407
2976309
2976378
2979008
2979918
2981554
2982758
2983680
2985561
2987431
2988503
2989149
2989345
2989626
2990490
2990634
2991142
2992679
2992987
2997985
2999354
3000353
3000370
3003701
3006363
3006784
3008193
3009580
3010055
3010219
3011604
3014371
3016229
3016921
3018726
3020303
3033757
3036519
3036646
3039188
3040557
3041005
3041210
3044168
3046548
3047324
3050502
3056583
3057575
3065749
3069272
3069779
3070191
3070411
3074479
3077710
3078512
3083734
3084245
3086962
3088074
3090387
3091740
3092509
3092780
3093578
3095936
3096087
3098716
3098800
3103582
3104566
3108317
3110108
3110690
3114772
3116334
3116893
3120527
3122761
3122775
3125019
3126301
3128195
3128312
3133485
3136331
3137314
3137943
3138312
3140250
3140667
3141058
3143406
3146535
3148421
3149998
3150245
3153255
3153351
3154253
3154263
3154891
3155743
3159851
3161000
3161840
3161871
3164259
3164615
3166094
3166135
3170498
3171016
3171579
3178724
3180821
3181194
3185646
3187317
3189300
3199073
3203729
3204015
3204129
3205053
3207964
3208215
3209480
3210453
3211395
3212435
3213052
3213570
3214211
3214455
3216547
3217399
3217401
3219258
3219511
3220255
3221551
3221902
3222073
3224341
3224499
3227195
3228179
3229097
3229700
3230753
3231227
3231596
3231600
3234354
3236288
3236770
3237167
3238595
3241655
3241966
3243648
3244128
3245887
3246684
3248951
3252588
3253280
3254047
3254614
3254865
3255122
3258521
3259222
3261746
3264572
3264659
3266885
3270155
3272205
3272597
3273735
3273940
3277063
3278020
3279753
3279961
3284109
3285099
3285608
3287320
3287957
3291104
3291261
3295748
3297021
3299483
3299918
3301906
3305016
3305634
3306111
3306179
3307729
3310424
3311726
3316952
3317421
3317994
3318751
3319188
3321359
3323286
3323661
3325485
3326037
3330319
3331437
3334659
3338624
3339023
3341049
3343797
3345090
3345807
3348860
3350192
3350911
3352543
3353673
3354495
3357210
3358255
3358953
3361250
3362458
3363659
3366846
3367847
3368163
3372021
3372725
3374818
3377187
3380765
3380920
3382062
3382244
3382312
3383168
3384227
3385857
3388046
3388588
3390382
3390947
3391349
3393925
3394364
3395131
3400994
3402074
3404364
3405682
3410933
3412614
3415206
3416133
3416325
3418051
3418894
3423714
3423769
3424684
3425350
3425814
3426915
3427593
3429893
3430438
3432160
3436650
3436811
3437240
3437617
3439114
3440180
3442467
3443148
3443301
3443974
3445212
3445673
3447301
3451994
3453077
3455425
3456478
3456617
3462381
3465187
3466258
3466264
3466425
3466755
3470744
3471348
3472580
3472768
3472915
3474432
3475577
3476175
3476525
3476909
3478815
3479938
3481407
3481477
3483849
3484184
3486007
3486250
3488099
3490396
3490789
3492795
3494496
3494521
3497587
3501179
3504793
3504955
3507706
3507994
3512842
3516239
3516392
3517284
3523020
3523078
3526996
3531756
3531894
3533174
3535118
3535407
3537709
3538133
3540693
3541214
3541361
3542026
3543249
3545143
3551746
3556532
3560967
3563734
3564581
3566066
3566469
3569981
3570123
3571337
3571970
3572116
3572498
3572973
3573275
3574526
3576378
3579611
3580958
3582092
3582296
3582877
3583408
3583551
3591136
3591315
3591805
3593333
3593665
3593775
3594887
3594998
3596556
3597181
3597195
3599263
3599712
3600179
3601658
3601795
3603235
3603266
3605869
3609211
3612130
3615366
3616875
3616895
3618469
3618877
3622490
3624487
3627172
3628157
3628446
3629446
3630523
3630788
3631244
3632576
3634475
3634558
3637351
3641199
3642029
3642674
3645662
3646013
3646811
3646968
3648354
3648716
3649836
3650218
3650828
3652591
3653247
3653305
3654190
3654571
3658372
3658680
3661057
3661291
3661453
3662358
3662928
3663674
3664291
3666337
3667040
3670315
3671253
3673050
3677281
3677928
3678487
3680443
3681303
3681835
3682782
3684518
3685403
3685513
3686466
3689938
3692329
3692837
3694193
3694236
3695364
3696413
3701817
3702202
3702435
3705899
3707795
3708297
3712142
3712737
3713502
3715526
3718132
3723996
3725514
3727359
3728885
3729882
3730317
3737831
3738200
3738632
3740341
3741260
3741863
3742080
3742529
3745232
3748604
3749149
3749881
3750909
3751435
3752502
3753424
3754124
3755599
3758059
3764125
3764294
3764712
3764826
3767856
3768352
3768811
3769043
3770785
3771673
3773497
3774331
3775588
3778019
3778315
3778791
3779745
3781247
3782785
3783779
3786396
3789121
3791965
3793253
3794527
3794972
3797926
3802676
3804528
3805640
3806811
3808488
3808988
3810206
3810999
3811887
3815012
3818429
3822940
3823009
3825581
3826511
3827725
3829468
3831277
3832095
3832377
3832870
3833646
3833815
3836328
3837710
3837834
3839183
3840719
3841529
3844462
3846152
3846465
3847512
3848356
3848502
3849466
3849950
3850500
3851209
3851357
3854760
3859593
3864086
3865171
3865256
3866468
3867714
3868021
3873374
3875016
3878196
3883352
3885633
3885757
3886030
3886318
3886605
3892387
3892769
3893238
3893962
3895090
3897316
3897571
3898055
3898189
3898793
3900729
3902130
3903101
3903861
3905450
3905676
3906037
3906376
3908648
3909052
3909599
3909789
3911395
3912274
3913443
3914222
3915433
3915454
3918071
3918967
3921972
3921982
3925147
3926214
3926399
3927874
3929757
3930039
3931367
3931404
3933398
3939503
3940045
3940443
3940612
3941391
3943215
3943603
3944933
3945661
3949490
3949684
3949894
3952353
3955145
3955984
3957644
3957955
3962999
3968810
3969410
3970305
3970662
3971307
3971703
3972215
3972367
3974585
3976315
3977703
3980373
3981752
3983368
3983471
3984578
3984675
3987427
3988629
3989476
3989814
3989933
3993744
3994708
3996149
3996155
3997538
4005676
4007092
4008663
4009160
4009333
4011600
4013048
4014382
4016098
4017079
4017877
4017987
4019005
4020017
4021967
4021999
4023534
4024332
4025074
4025424
4025938
4028243
4028439
4028642
4029499
4029661
4031193
4031801
4031838
4032246
4032809
4036272
4037052
4041495
4043299
4046214
4047858
4050626
4051169
4052763
4053844
4053913
4056355
4057810
4058383
4058966
4059162
4061233
4061889
4062259
4063852
4066047
4069632
4070148
4070399
4070996
4071062
4071686
4076296
4079259
4079822
4079974
4081032
4081953
4082382
4084542
4084697
4085342
4085928
4089239
4089294
4091948
4091958
4094432
4095859
4096785
4097829
4100051
4100161
4100275
4101975
4109244
4110082
4110480
4110792
4111965
4112854
4113028
4116590
4117600
4120366
4120454
4121684
4123307
4124215
4124754
4125872
4125978
4127710
4131103
4131909
4134764
4135120
4136183
4139073
4141388
4144659
4145716
4148635
4155381
4157832
4158396
4159981
4160430
4162353
4166696
4166898
4168285
4168560
4168864
4170268
4173311
4176529
4179684
4181317
4184418
4184966
4185544
4186599
4187049
4188355
4189358
4190075
4194202
4194983
4195264
4195660
4199265
4199816
4200105
4200865
4202729
4204180
4208547
4208958
4209237
4209439
4211000
4211648
4212234
4213438
4213998
4215857
4217732
4219358
4219521
4219563
4220741
4221439
4222512
4224447
4224735
4227208
4227428
4230841
4231483
4232041
4232649
4236008
4238861
4239242
4243414
4243918
4246150
4248281
4248388
4250456
4251509
4254432
4254932
4257474
4257886
4260864
4261193
4266209
4267244
4267725
4268101
4270065
4271118
4271775
4273590
4274061
4274245
4276441
4278330
4280786
4284784
4285621
4286122
4293556
4293583
4293767
4294624
4297314
4300199
4311436
4316538
4316911
4318242
4318614
4319090
4319882
4321045
4321242
4321993
4322109
4322246
4322726
4323451
4324404
4327107
4328362
4329327
4330977
4332277
4333309
4335172
4338695
4339670
4339996
4341906
4342801
4343267
4344732
4344801
4347436
4350385
4352033
4353189
4353373
4355850
4355938
4357775
4358580
4360464
4362309
4362525
4366817
4367619
4368522
4370298
4370728
4372052
4372405
4374522
4376395
4377152
4378865
4380567
4384792
4384796
4387405
4392487
4392813
4393623
4395035
4395443
4395559
4396394
4398638
4400201
4400737
4401478
4401519
4401530
4408438
4410421
4411070
4414836
4417800
4418531
4420201
4420983
4423215
4423549
4423624
4425067
4425489
4427581
4427847
4430127
4430142
4431671
4431675
4432197
4432477
4432528
4433280
4434027
4435606
4438336
4441208
4442399
4445863
4445986
4453067
4456023
4457616
4458006
4459732
4460617
4463490
4464149
4464415
4464466
4469193
4469938
4472088
4472939
4475217
4475546
4479801
4484145
4484996
4485028
4485322
4486930
4487264
4489647
4490598
4490791
4493625
4497140
4499239
4500217
4501253
4503622
4504075
4507298
4512769
4513328
4513503
4513891
4513932
4514669
4516196
4519110
4519181
4519265
4520790
4521235
4521715
4521794
4521896
4522741
4524212
4529104
4529265
4530891
4534840
4534939
4536462
4537776
4537844
4540846
4541340
4542695
4544322
4544637
4544902
4545076
4545896
4548743
4552866
4554459
4558407
4560414
4563213
4564882
4567614
4569034
4569209
4571782
4573173
4574954
4575603
4576194
4580707
4583619
4584549
4587337
4588802
4589524
4591427
4592219
4594322
4597843
4598755
4599103
4606232
4608178
4608682
4609547
4615166
4617600
4619289
4619752
4620784
4621110
4622534
4623916
4624599
4624934
4625325
4626623
4632667
4635726
4637414
4638090
4639569
4639771
4640160
4640728
4642996
4645455
4646203
4648758
4649542
4654051
4657197
4660231
4661118
4663152
4668878
4669111
4671812
4673206
4673783
4674515
4674841
4676339
4678230
4682757
4683375
4683499
4688365
4689340
4690626
4691762
4692258
4697951
4705871
4706077
4708039
4708739
4709606
4711322
4711675
4713994
4714561
4716554
4718117
4718322
4719513
4722660
4723317
4723629
4723726
4727387
4728803
4729289
4729636
4730109
4730223
4730909
4732033
4732961
4733708
4735005
4736445
4740613
4743883
4746894
4748740
4751362
4754602
4755964
4756574
4756589
4758335
4759402
4760396
4760946
4761268
4764057
4765265
4765432
4766461
4767212
4771648
4773381
4778011
4779645
4781857
4786302
4795854
4798683
4800409
4800982
4801225
4801798
4805493
4807268
4807443
4807894
4808278
4810617
4811577
4813406
4814604
4817131
4817972
4818027
4819567
4821063
4824464
4827560
4828036
4830567
4833469
4835820
4836273
4837394
4839721
4840698
4841164
4843308
4844042
4845132
4847830
4848540
4851939
4852022
4852814
4853805
4854051
4854664
4857641
4859856
4864275
4864899
4866130
4867304
4867908
4870202
4870220
4870243
4870848
4871764
4871821
4872497
4873523
4874316
4875498
4876112
4876487
4876803
4880487
4881365
4883848
4885045
4885600
4888075
4888575
4889905
4893061
4895045
4896298
4897412
4899123
4899130
4902526
4902918
4905946
4906533
4907308
4909093
4911741
4911964
4912619
4912643
4912690
4913404
4914149
4917796
4918520
4924173
4926130
4927133
4927770
4928104
4928272
4929575
4932693
4935822
4942693
4946222
4946806
4946816
4948570
4949180
4952944
4955111
4956719
4956866
4957224
4961607
4964050
4965140
4965960
4966091
4969587
4970104
4971723
4972092
4973494
4977144
4977442
4977909
4978249
4980238
4980252
4983572
4986110
4989259
4989319
4991585
4994433
4995506
4996032
4996090
4998803
4998968
5000192
5000810
5001551
5004148
5009990
5010449
5012170
5013800
5018152
5018165
5020268
5020568
5023547
5025448
5031244
5031556
5032688
5032788
5034551
5035059
5037727
5039838
5041711
5043814
5045940
5046897
5048187
5048655
5049563
5050785
5051277
5054711
5057968
5060002
5062653
5062883
5063589
5065750
5066875
5068912
5070327
5071308
5074165
5074408
5076325
5076570
5077863
5079342
5081739
5081898
5082700
5082800
5084288
5084742
5085210
5086466
5088374
5088645
5090973
5090981
5093560
5094834
5095451
5098362
5099272
5101989
5102352
5102880
5103941
5104086
5110358
5114129
5121439
5122039
5122937
5124801
5126910
5127696
5128558
5131511
5131610
5132429
5134306
5134516
5136138
5137164
5137496
5138228
5142099
5143161
5143739
5145351
5151976
5153164
5155025
5155746
5159025
5160582
5160751
5165382
5167142
5169233
5173279
5174005
5174648
5176262
5179893
5183097
5183426
5183439
5183971
5184550
5185323
5186409
5187402
5187702
5190001
5192282
5193289
5193473
5195006
5196911
5197764
5198419
5204732
5205603
5207005
5207366
5214323
5217152
5217595
5223328
5223330
5223999
5226634
5227008
5230115
5230435
5231111
5233293
5234517
5234911
5237272
5239361
5239821
5240380
5240688
5242139
5242294
5243545
5243546
5244356
5245930
5247875
5248171
5249145
5249436
5251546
5251615
5253665
5253788
5254308
5257154
5260210
5260650
5261477
5261854
5264410
5265946
5266989
5268203
5269731
5270213
5270683
5273723
5274721
5275390
5277736
5280182
5280708
5282854
5282899
5283034
5283173
5285239
5286127
5287383
5288175
5290744
5291928
5293040
5293742
5295285
5297643
5305495
5307505
5308315
5309447
5309869
5311022
5313525
5314245
5314510
5320639
5320977
5324123
5328340
5328858
5329343
5330475
5331316
5332801
5335260
5336502
5340982
5341647
5341738
5342118
5342436
5343515
5346535
5346947
5347667
5347973
5350272
5351087
5351727
5353291
5355998
5356148
5357033
5357331
5357390
5358416
5361860
5362159
5362924
5363547
5366819
5367001
5367348
5368027
5371317
5371527
5371585
5374453
5379727
5381605
5381624
5384036
5384833
5385602
5385861
5386561
5391220
5393662
5398252
5400413
5401623
5402059
5402698
5403689
5405846
5410111
5410684
5411813
5412203
5412618
5413892
5413902
5417541
5417705
5424041
5425314
5426083
5428001
5428463
5430082
5430689
5433076
5436771
5440457
5446020
5446739
5448870
5449756
5452496
5456523
5456629
5456761
5457124
5462979
5463340
5463757
5464361
5466362
5471007
5471274
5471864
5472207
5472810
5474598
5475157
5475668
5476835
5477865
5479126
5480311
5480769
5482772
5484453
5485163
5490443
5496806
5497128
5499880
5500892
5502326
5504397
5509019
5513681
5515231
5516884
5516970
5517026
5519430
5523274
5524404
5524789
5526082
5527152
5528479
5533086
5533302
5535371
5542537
5542588
5544741
5545500
5546561
5547171
5547236
5547748
5549364
5549458
5551181
5554217
5555643
5556944
5556971
5558042
5558207
5559183
5561226
5562291
5563236
5564739
5565276
5567338
5567842
5567901
5574134
5575338
5578339
5578387
5578843
5579269
5580735
5582154
5584995
5587454
5590963
5591048
5592232
5596854
5598005
5600510
5600677
5600932
5605610
5605961
5611241
5614358
5614962
5615449
5616177
5617611
5618128
5618632
5619003
5624899
5625813
5627694
5627953
5631750
5632169
5633777
5634824
5634899
5638645
5641691
5642323
5646992
5647176
5647313
5649455
5649924
5650794
5652222
5652548
5652768
5655750
5657605
5658751
5660612
5661073
5661298
5662868
5666693
5666924
5668266
5670569
5671055
5677771
5679291
5679433
5680568
5682630
5683340
5684261
5685493
5687013
5688643
5691181
5691401
5693075
5693120
5693314
5693339
5694646
5695173
5695621
5697545
5698035
5698217
5698649
5702933
5703588
5706871
5706987
5707438
5707544
5709421
5710816
5711130
5712613
5713187
5714213
5714531
5715736
5717430
5720212
5720788
5723925
5724337
5726192
5732257
5734534
5735435
5736368
5736692
5739862
5742572
5743816
5744581
5745083
5745191
5749810
5750709
5760077
5760200
5760463
5763076
5763260
5764117
5764535
5764704
5766038
5766518
5766958
5767517
5770598
5770627
5771626
5773380
5773695
5774301
5776645
5776946
5777375
5779307
5781231
5781983
5782124
5783691
5784800
5785293
5786706
5787708
5788154
5792157
5792414
5793985
5798881
5799555
5799861
5801437
5803165
5804818
5807662
5809663
5812578
5812908
5813558
5814441
5817382
5819692
5822454
5824770
5826046
5827154
5828115
5833970
5835239
5837455
5837960
5838729
5838875
5839832
5843711
5845541
5845833
5845948
5846706
5854092
5854116
5857409
5859083
5859252
5859942
5860534
5865183
5869961
5871348
5873310
5874143
5874708
5882489
5882660
5882750
5884400
5885484
5888925
5891017
5891332
5893656
5895127
5901719
5903789
5905283
5906017
5907215
5907472
5910175
5910732
5911682
5914862
5921173
5921811
5928043
5929223
5930112
5930449
5931505
5935100
5936305
5938537
5938696
5939365
5940624
5942249
5942823
5942928
5947037
5947308
5949886
5950105
5950358
5952438
5952681
5953161
5953426
5954133
5954352
5958540
5959107
5960862
5961151
5961745
5963847
5966083
5968653
5969912
5976336
5979483
5982460
5983125
5984645
5988435
5990594
5994325
5994878
5996689
5999568
6000545
6000775
6001790
6002153
6003321
6004713
6005152
6007632
6008612
6010468
6014938
6015868
6016170
6016413
6018075
6019161
6019775
6019830
6021490
6023227
6023669
6024979
6027329
6028345
6028955
6029383
6031456
6032309
6032598
6033253
6033435
6033843
6034265
6034846
6035222
6035610
6036073
6037113
6038762
6040341
6041589
6042070
6043521
6044329
6047117
6047640
6048395
6049051
6049929
6050625
6052817
6054933
6054997
6056128
6057122
6061506
6064587
6069326
6072930
6075821
6077214
6079132
6079348
6080397
6081401
6081862
6082557
6082833
6084905
6085285
6086229
6087686
6088298
6089312
6089594
6089686
6090283
6092521
6094280
6097171
6097580
6098231
6099957
6100897
6101024
6101644
6103191
6106636
6107185
6110019
6112049
6112546
6112660
6113436
6114491
6120313
6124573
6127533
6128004
6129897
6130232
6130638
6136843
6137870
6138683
6139036
6139346
6140483
6141536
6142668
6146501
6148043
6150286
6155227
6156010
6156379
6157212
6157929
6158852
6159145
6163223
6165470
6167697
6169545
6172653
6173048
6175192
6175319
6177198
6180560
6180629
6182062
6182882
6184416
6184807
6186731
6188448
6189314
6190093
6192412
6193900
6194430
6195777
6199767
6200716
6201008
6204628
6210963
6213639
6214027
6217001
6217824
6221732
6222928
6225192
6225707
6225878
6226538
6228163
6228567
6231659
6231965
6233742
6237129
6238200
6239483
6239676
6242759
6245268
6245291
6245813
6249679
6251144
6251174
6253211
6254216
6256264
6256838
6261242
6265918
6271796
6273334
6273911
6275812
6278542
6279537
6279682
6281221
6282648
6283944
6284733
6286459
6287671
6289381
6290760
6291562
6293432
6293803
6294432
6295976
6297055
6298543
6301083
6303282
6308025
6310310
6310918
6311762
6312152
6315208
6315496
6315757
6318602
6318752
6322101
6323154
6324217
6325414
6325927
6326008
6326326
6326722
6327158
6327273
6327893
6329664
6329959
6331794
6333067
6341090
6342912
6344786
6344972
6344992
6346169
6349005
6351235
6353086
6354026
6354662
6355660
6356041
6356343
6359104
6360017
6361176
6361289
6361701
6367913
6369100
6371148
6371158
6372791
6373868
6375536
6379990
6380886
6382513
6382663
6388295
6388389
6392791
6393222
6396767
6398467
6399050
6401537
6402220
6402353
6402392
6402549
6403006
6406869
6407651
6408247
6412727
6416966
6420534
6420721
6420844
6423358
6423722
6424500
6425012
6425175
6426562
6428494
6429210
6429320
6429382
6430377
6431228
6435255
6435847
6436489
6438438
6438517
6443017
6443744
6445150
6446639
6447354
6450386
6451161
6452516
6457331
6457977
6458155
6458604
6459414
6459928
6463147
6464302
6464869
6466684
6467096
6469534
6470897
6470950
6471085
6471164
6475773
6476113
6477609
6481509
6481523
6483702
6483804
6484861
6489718
6492871
6497420
6498772
6499876
6505649
6507053
6508208
6512349
6515040
6519305
6520489
6521191
6524438
6527202
6530917
6532227
6536368
6537325
6537744
6539921
6542179
6542731
6542968
6544319
6545088
6546198
6548415
6549354
6550481
6552714
6565235
6566064
6568940
6569038
6572781
6573498
6574866
6575821
6577110
6579295
6580888
6581556
6582588
6583298
6586022
6586568
6588355
6592015
6596417
6597199
6598117
6598717
6600430
6601404
6602022
6602487
6603586
6606953
6607177
6607352
6608721
6610806
6611300
6613071
6613801
6618679
6622618
6623201
6630819
6631852
6632541
6633502
6633971
6637892
6638127
6638133
6638592
6638912
6640859
6641523
6643420
6647745
6648248
6648344
6648925
6650671
6652393
6652550
6652793
6653648
6654859
6657983
6659137
6659274
6663024
6663397
6663941
6664437
6664753
6666273
6666410
6666481
6668059
6668999
6669177
6670715
6671015
6673063
6680995
6681037
6683691
6683973
6688738
6690474
6690620
6690823
6691078
6693129
6693887
6694486
6699657
6700418
6700977
6701252
6701678
6702229
6702613
6702833
6703192
6703213
6707286
6709121
6709223
6709755
6713937
6714160
6715206
6715296
6716389
6716849
6718081
6718154
6718176
6718221
6718815
6719137
6720331
6720706
6720953
6723068
6724600
6725031
6725051
6727020
6727391
6728091
6729199
6730506
6731727
6732063
6732924
6733671
6734791
6735696
6736745
6737527
6748004
6748231
6752425
6757180
6757449
6758217
6759383
6761242
6762947
6763935
6764559
6766098
6770838
6771698
6775786
6775841
6776898
6777756
6778126
6780437
6781278
6783116
6787590
6788387
6790941
6791405
6792143
6792514
6798365
6801580
6802822
6803696
6803847
6806872
6809846
6811603
6812835
6813720
6817719
6818717
6819596
6823431
6823833
6824329
6824543
6824667
6826710
6831183
6831236
6833316
6835812
6838367
6839589
6840154
6843124
6847204
6848497
6855460
6856239
6858259
6862280
6865320
6866825
6869528
6870361
6870815
6871844
6872225
6877909
6879411
6884254
6884565
6885890
6890654
6890710
6892283
6893320
6900539
6901378
6904359
6904817
6909512
6909563
6909664
6909667
6910466
6913177
6918981
6920540
6921436
6922246
6923726
6924520
6924914
6925330
6926046
6931144
6932784
6934818
6936047
6936997
6939054
6939435
6940831
6941453
6942187
6950404
6950817
6952283
6952655
6953799
6955260
6956659
6956773
6958673
6960382
6961362
6969365
6969877
6970532
6971705
6973190
6973208
6974642
6975852
6976275
6977629
6978406
6980075
6981165
6982339
6986634
6988276
6992201
6993711
6995426
6996241
6996328
6996545
6997389
6997950
7001635
7003964
7005150
7005580
7007779
7008307
7008424
7010094
7010780
7014464
7014477
7014705
7014750
7014911
7016306
7016340
7017082
7018951
7020307
7020880
7022117
7023999
7024501
7028182
7029802
7031242
7031315
7031578
7033953
7036303
7037301
7039245
7040049
7041369
7042254
7043588
7045080
7047876
7052459
7052710
7055983
7056083
7057053
7058160
7058287
7058377
7060761
7064540
7065190
7065350
7067006
7072368
7072404
7073903
7077727
7080348
7081168
7081470
7082962
7082976
7084595
7085061
7085377
7085422
7085769
7085926
7085960
7088080
7089061
7089634
7089730
7092821
7093647
7094677
7095383
7096701
7097681
7098027
7099939
7103184
7105759
7107554
7110517
7112148
7115715
7122020
7122688
7122847
7125209
7127327
7128844
7129883
7130548
7131193
7131784
7132166
7132770
7134040
7137862
7141487
7142550
7144967
7145155
7145408
7146997
7147007
7147539
7150850
7151171
7152544
7152829
7154382
7155243
7155336
7155477
7155555
7155583
7157942
7158450
7160018
7161610
7164170
7164535
7164621
7167089
7167534
7167644
7168409
7169966
7170103
7171020
7175427
7176494
7179352
7181794
7181839
7182169
7183212
7188541
7191248
7195444
7197813
7199957
7200840
7202137
7202507
7202658
7202705
7204233
7204390
7208407
7209612
7211854
7212361
7214753
7216063
7218966
7220917
7221226
7221392
7223868
7224121
7226165
7226438
7226525
7227930
7227977
7230355
7230443
7235091
7237561
7238146
7242104
7242264
7242792
7244047
7246250
7246947
7247870
7248431
7248669
7249191
7250061
7252580
7254491
7254747
7254796
7257125
7261096
7261293
7261367
7265412
7266438
7267729
7268095
7268760
7269670
7269698
7270634
7271365
7272319
7274912
7275998
7276612
7276675
7276950
7281024
7281733
7283795
7286996
7287473
7289327
7290935
7296927
7298971
7309335
7311383
7311946
7312127
7312907
7313973
7314590
7315242
7317550
7318680
7320798
7321138
7324092
7326926
7328035
7328182
7328693
7330033
7332271
7341475
7341525
7341761
7345028
7346061
7348801
7348822
7348895
7350851
7351721
7353014
7354022
7356297
7356390
7357076
7357278
7357474
7363311
7366499
7373970
7375271
7376722
7377067
7381607
7384713
7385678
7386271
7386347
7387008
7388385
7388621
7390996
7393958
7394393
7396906
7397080
7405802
7408822
7409950
7411199
7411213
7411336
7411686
7412651
7413351
7413961
7414695
7414804
7414826
7416562
7417648
7417690
7419288
7419394
7419659
7419859
7420708
7422572
7424808
7425865
7426491
7426952
7427782
7428584
7430392
7433270
7433791
7436444
7436506
7438670
7441637
7445463
7447185
7447341
7447746
7448573
7448707
7449833
7451084
7453507
7456612
7458583
7461153
7462710
7465114
7469104
7471445
7472092
7472390
7472851
7473429
7473777
7473891
7474657
7476223
7476689
7478857
7479068
7479584
7481505
7483474
7486873
7488970
7493391
7493415
7493964
7494619
7496901
7498536
7499546
7499572
7501153
7501802
7502245
7503754
7506677
7507171
7507953
7508263
7519118
7519736
7519948
7521733
7522316
7522374
7523977
7525424
7526223
7529039
7529528
7532251
7533931
7536995
7537495
7541008
7545640
7545685
7546294
7549021
7550165
7551187
7553793
7556235
7558479
7558503
7558907
7561769
7564338
7566116
7566221
7567147
7567893
7568124
7568416
7568544
7570433
7571397
7575079
7575621
7577106
7577201
7578351
7580889
7582062
7582115
7583486
7584190
7585918
7587545
7588265
7591259
7592381
7594421
7597027
7599362
7602330
7603366
7603394
7604435
7604837
7606775
7607520
7609285
7609853
7610472
7610613
7610884
7612754
7615429
7615904
7619917
7625011
7625158
7625556
7627017
7627113
7631850
7633335
7634263
7634947
7635112
7637284
7639092
7640061
7640403
7649730
7650169
7650341
7655120
7658003
7663060
7663067
7672496
7674313
7677196
7677738
7680376
7681482
7683077
7683820
7684874
7685793
7686727
7686778
7687543
7689454
7689614
7690160
7690964
7692918
7694681
7696426
7698888
7699022
7699310
7699543
7700267
7700465
7703612
7709676
7710506
7713374
7713534
7714629
7715079
7720508
7721321
7723856
7728354
7729946
7730782
7731139
7732742
7733242
7733634
7734950
7737575
7739722
7739985
7741454
7742755
7743330
7745211
7746048
7746888
7748616
7749204
7749897
7754714
7759066
7759232
7760085
7760396
7760983
7763062
7764317
7764629
7765965
7773076
7773635
7774047
7777069
7778911
7779260
7780570
7782389
7784783
7785066
7785405
7790951
7791099
7791417
7792474
7793610
7794103
7799599
7799956
7800871
7801644
7802947
7805561
7806223
7808286
7808419
7808700
7812376
7821501
7822179
7822781
7827748
7829499
7829515
7833258
7836479
7837816
7838255
7841118
7841237
7842388
7842537
7842853
7846060
7846592
7848237
7848581
7849450
7849944
7850097
7851762
7852060
7852584
7854196
7855048
7856091
7858886
7859192
7860001
7863253
7864739
7867078
7868790
7871091
7872992
7873555
7877471
7878947
7884137
7884297
7886361
7887934
7891986
7893516
7893623
7895144
7895661
7896129
7900682
7901851
7903669
7904095
7904713
7908345
7909381
7910313
7911292
7914371
7916207
7919895
7927645
7931926
7932432
7932605
7933331
7934237
7934700
7935041
7935843
7935859
7936018
7936041
7938515
7938584
7938797
7939837
7941620
7942453
7943527
7945372
7949344
7949535
7949989
7951390
7953846
7954270
7954415
7955625
7957139
7957232
7958465
7959925
7960538
7963142
7965136
7970585
7970626
7971099
7973828
7975412
7975913
7975917
7981179
7982534
7985332
7986228
7986316
7986475
7986791
7986863
7990482
7991922
7992169
7992931
7994235
7994541
7999266
8001518
8005668
8006182
8008206
8008893
8009730
8009740
8009931
8010332
8012212
8014518
8015325
8016035
8016113
8016957
8017670
8018008
8019032
8021344
8023578
8026652
8028384
8033511
8037052
8039686
8039824
8041055
8043621
8052187
8053025
8053134
8053154
8053570
8053684
8054245
8054921
8056135
8057813
8058270
8060197
8060359
8060853
8063656
8064211
8064527
8066004
8066465
8067975
8068018
8069442
8069809
8070803
8071174
8075373
8076537
8077647
8081472
8083335
8084316
8085140
8090936
8092558
8096964
8097287
8099523
8102795
8105567
8110027
8115347
8117027
8118973
8123824
8129102
8130174
8133814
8134183
8134190
8134222
8134255
8136750
8138043
8140159
8140575
8140852
8143182
8143518
8148973
8150916
8151561
8152080
8152872
8153568
8154435
8154882
8155094
8157818
8157897
8167002
8171733
8172695
8173479
8174119
8176949
8178616
8179527
8180091
8181011
8181782
8183065
8183128
8192238
8192276
8193200
8194712
8195468
8197608
8198900
8201817
8203723
8204135
8206687
8210937
8211820
8213572
8213784
8214958
8215528
8217102
8217569
8217836
8219788
8220460
8221033
8223210
8226855
8231106
8232922
8233526
8233905
8234683
8236004
8237787
8238936
8239344
8239399
8240640
8243999
8244816
8246270
8250208
8250867
8251180
8255395
8258293
8259320
8265702
8265892
8268774
8271946
8275078
8275088
8277524
8277712
8278326
8284821
8285600
8287675
8288567
8289127
8289964
8291617
8292745
8295317
8295792
8296131
8297670
8301476
8302227
8302425
8302478
8303317
8305420
8305999
8306095
8306360
8309237
8312611
8313341
8314418
8315791
8316300
8318435
8324504
8324963
8327106
8329847
8330527
8330682
8333436
8334342
8334695
8335329
8337010
8337340
8345066
8345184
8345768
8345888
8346458
8348856
8349099
8350491
8350546
8354004
8355401
8358306
8359122
8359126
8362814
8364430
8371046
8373435
8375400
8377522
8378021
8378850
8384356
8390576
8391792
8394085
8394633
8394829
8395813
8396106
8396523
8397687
8401090
8401202
8401556
8401718
8401900
8402043
8402406
8404338
8405209
8407100
8408567
8409655
8411311
8412462
8418064
8421707
8421964
8422962
8423317
8426262
8428017
8428236
8429308
8429363
8430947
8431713
8434618
8435876
8438778
8439331
8440374
8441596
8441786
8443931
8444388
8445313
8445637
8448583
8449121
8449546
8450147
8450590
8451006
8452096
8453156
8454352
8454581
8455139
8455606
8455645
8456345
8456514
8457341
8458795
8459393
8459803
8461405
8465244
8465409
8467508
8467914
8469087
8471556
8471982
8472339
8472462
8473025
8474012
8475634
8476059
8477119
8477859
8479426
8479449
8479995
8480598
8480814
8482125
8482423
8485920
8487195
8488646
8489284
8489713
8491528
8492876
8496110
8496965
8498340
8498515
8498985
8502975
8503006
8503791
8503805
8505806
8508312
8508885
8511725
8512206
8512806
8514565
8515715
8515972
8517347
8517979
8518622
8521568
8523359
8524273
8526181
8526829
8528318
8535298
8536352
8536713
8538160
8539704
8541362
8541559
8542695
8544729
8548709
8549309
8550465
8552426
8553303
8554798
8556004
8561849
8565026
8567637
8568724
8569558
8569612
8573187
8573308
8573806
8577482
8578064
8578576
8579392
8580069
8580308
8580752
8580893
8581009
8583043
8588041
8589069
8589135
8593766
8596232
8597052
8597801
8598907
8599317
8601124
8601439
8601928
8601958
8602256
8602616
8606638
8608099
8608773
8610492
8610911
8610965
8612345
8613583
8615741
8616575
8616657
8617171
8617765
8620633
8621192
8622365
8622534
8623226
8629765
8630413
8630615
8630831
8630981
8631023
8632766
8634283
8635452
8635717
8636276
8638205
8639363
8642176
8642672
8643739
8645919
8647596
8648392
8648659
8650518
8650596
8650871
8653574
8656059
8659862
8661924
8662479
8668140
8670192
8670808
8675162
8676775
8679803
8680660
8681453
8683634
8686857
8687319
8688255
8688290
8688677
8689665
8690000
8691864
8692592
8698457
8698864
8700292
8700371
8701322
8703925
8704177
8705381
8706683
8709733
8709853
8710683
8711455
8713805
8714653
8721196
8721379
8722553
8727522
8731039
8733440
8734915
8736853
8737204
8738548
8740456
8740878
8741958
8742719
8745879
8745919
8746540
8746770
8749608
8751786
8756571
8757168
8759411
8762554
8763123
8764657
8765151
8766361
8766687
8768801
8769143
8769453
8772320
8774182
8776073
8781569
8782100
8783581
8786600
8786814
8786824
8793379
8793393
8796713
8797241
8797859
8802109
8802239
8803745
8803780
8804185
8807148
8807197
8810479
8814751
8817083
8819925
8821132
8821226
8823521
8823955
8824811
8824908
8826249
8826442
8827483
8828050
8829806
8829819
8831591
8834464
8837198
8838395
8838668
8838820
8840670
8841069
8841106
8841180
8841739
8842420
8846203
8847853
8848201
8848649
8849116
8850437
8850509
8850693
8851348
8851931
8852713
8853863
8853977
8855519
8855630
8857908
8859689
8861413
8861450
8861821
8862274
8862327
8862978
8863147
8863396
8863488
8865502
8866013
8867693
8867780
8868511
8868741
8870559
8871623
8874672
8875592
8877162
8877417
8879386
8882564
8884439
8884650
8886025
8887807
8888389
8888568
8890486
8891734
8893412
8895782
8895851
8896053
8896991
8898301
8899291
8899891
8900509
8901606
8902908
8910595
8911170
8913092
8915652
8920073
8921126
8925575
8925828
8928003
8929653
8930443
8930587
8930779
8930788
8932991
8933554
8940069
8940174
8940413
8940990
8942936
8943787
8944754
8945045
8945620
8946784
8946857
8949701
8949725
8951570
8952792
8953132
8956304
8956747
8958173
8963734
8964675
8967039
8969875
8969961
8971527
8973106
8973376
8973686
8974769
8977196
8978097
8981558
8982468
8983962
8984100
8984268
8985140
8990182
8991147
8991401
8991502
8992038
8996567
8996682
9001698
9001798
9004888
9005138
9007076
9007740
9008669
9010040
9013718
9014140
9015066
9015844
9016843
9017002
9017306
9019430
9021258
9022070
9023873
9026513
9032183
9032719
9034510
9034849
9034918
9035243
9042071
9045837
9046222
9048097
9049905
9052764
9054697
9055013
9059407
9060827
9063108
9064871
9067259
9071490
9074552
9075640
9077276
9077674
9079914
9080521
9084854
9085159
9087043
9089934
9090351
9090963
9092040
9092727
9094959
9095855
9096253
9096548
9098101
9099347
9100218
9100945
9101197
9102901
9106218
9106251
9109093
9111277
9112167
9112947
9119058
9121352
9122059
9122098
9123595
9124862
9132900
9133410
9133534
9134738
9135778
9136454
9137257
9140303
9141246
9141989
9142703
9143568
9145475
9147011
9147242
9148743
9149167
9150083
9151053
9151981
9152003
9153193
9154510
9154764
9154902
9156538
9156754
9156908
9159258
9160510
9164192
9171655
9171988
9174568
9175888
9177865
9180838
9183538
9183559
9186282
9190262
9193100
9193413
9195216
9195283
9196487
9202858
9203658
9206399
9206591
9206817
9208437
9208621
9209033
9212715
9213380
9216748
9217617
9219295
9219392
9223725
9225266
9225704
9230525
9230960
9232436
9237690
9239055
9239614
9241176
9244122
9247049
9252266
9252554
9253466
9256815
9257019
9262133
9263441
9269527
9269665
9270749
9273884
9276467
9277760
9277991
9278350
9279599
9279907
9282096
9282390
9283406
9283779
9285898
9287131
9287484
9287936
9289103
9290031
9292119
9292922
9295750
9300713
9301947
9302984
9303257
9305142
9307502
9308600
9309237
9310763
9316355
9317048
9320553
9323185
9324033
9326081
9331012
9333122
9335935
9336592
9339836
9341972
9342465
9343016
9343126
9343859
9344046
9348178
9348998
9351476
9356960
9357098
9357300
9359534
9359551
9362393
9364229
9365989
9366652
9366680
9367656
9367831
9369218
9372435
9372695
9378939
9382245
9384794
9385398
9386745
9393606
9396296
9398756
9399283
9400752
9405222
9411850
9412007
9414092
9420597
9421842
9423094
9424449
9425043
9426191
9427352
9429976
9430418
9430514
9430987
9431485
9435724
9435810
9442044
9442414
9443230
9446176
9451078
9451892
9452588
9456400
9457096
9458204
9458893
9459220
9459275
9462637
9463387
9470391
9470677
9470691
9471182
9471599
9471919
9472523
9473215
9473565
9481175
9482650
9482787
9483276
9483623
9484941
9486913
9488700
9489637
9492330
9493468
9495533
9495574
9496673
9498666
9502383
9502422
9503334
9503746
9504379
9504833
9505248
9505949
9506370
9508106
9508191
9508250
9512726
9512995
9514458
9520921
9521230
9521947
9521978
9522633
9523267
9524900
9525169
9525606
9526713
9526948
9531179
9532025
9533508
9535971
9537219
9540561
9540704
9541657
9543842
9545651
9549001
9550983
9553214
9556567
9557246
9557301
9560415
9560896
9562737
9566041
9567812
9569173
9572215
9575889
9579043
9582276
9582492
9582665
9583072
9583127
9583196
9584987
9585475
9586401
9588822
9590437
9590634
9594404
9597377
9597611
9598737
9600845
9602513
9603207
9604241
9605675
9610286
9610392
9613328
9616822
9617377
9617987
9619211
9621147
9622223
9623359
9623949
9624305
9628934
9630258
9631243
9631492
9632092
9633735
9636697
9648417
9650026
9650218
9650230
9650373
9652525
9654033
9654590
9654963
9655669
9656044
9656084
9658945
9660025
9661591
9663052
9668095
9669776
9670953
9671078
9674721
9677710
9680156
9680499
9682190
9683438
9684302
9685466
9686851
9688859
9689955
9690334
9690467
9692443
9699030
9699488
9701722
9701832
9701869
9703780
9703808
9704031
9706603
9708553
9710673
9717069
9717595
9717769
9718013
9718297
9718319
9718907
9720918
9724427
9725598
9725751
9726523
9727169
9728116
9728146
9730339
9733400
9735754
9737260
9738865
9739483
9743930
9746230
9749295
9749734
9752702
9756101
9756114
9756450
9756458
9758251
9758666
9761314
9761497
9761668
9762152
9765644
9769537
9771112
9779482
9782438
9784420
9785286
9786988
9787039
9788561
9789264
9789426
9793669
9795601
9796023
9797882
9798025
9801370
9802578
9804173
9810398
9811124
9814585
9815373
9816558
9816571
9816613
9817921
9820893
9821236
9824299
9827717
9828930
9829953
9831986
9840855
9842061
9843694
9846690
9849018
9849448
9849663
9850222
9851639
9851903
9855011
9858930
9859543
9859673
9859989
9863337
9864039
9868915
9868918
9869021
9869673
9871665
9872668
9878448
9878948
9879512
9880180
9882472
9886025
9888307
9889984
9890327
9891473
9891600
9892724
9893672
9897098
9897844
9898149
9899572
9901174
9902374
9903475
9906919
9908035
9909599
9909675
9910930
9913788
9917051
9918702
9918802
9919179
9921691
9927015
9929309
9929659
9929951
9930240
9930802
9931087
9932713
9932883
9933305
9934360
9936739
9938476
9940881
9943019
9943868
9944600
9945906
9947699
9948314
9950866
9955185
9955566
9955915
9956423
9959629
9960477
9962800
9962813
9963802
9964018
9964193
9964306
9969445
9973041
9975749
9979743
9979767
9980971
9983790
9986944
9988189
9988796
9989818
9990023
9992089
9993640
9995121
9995447
9999029
10000257
10001455
10001521
10004799
10005690
10006404
10008308
10009756
10011396
10012414
10016450
10016603
10016770
10018537
10022050
10022078
10026842
10026913
10028567
10029504
10029538
10029994
10030405
10030862
10031277
10032070
10032776
10033329
10034585
10034878
10036581
10036709
10041804
10043385
10043688
10044639
10047987
10048042
10048533
10048790
10048803
10052604
10053664
10055331
10055931
10056953
10057025
10058218
10059211
10059779
10059941
10060750
10062710
10064428
10065388
10065854
10072933
10074095
10075677
10076843
10077567
10077715
10078561
10081676
10083943
10084177
10085344
10085614
10086623
10086880
10088963
10090496
10095157
10099815
10100141
10100529
10104633
10105461
10107555
10108101
10110892
10113946
10114780
10116082
10118840
10118948
10120878
10122445
10126119
10128404
10128728
10129526
10129897
10130565
10132977
10133439
10140332
10140974
10140987
10143782
10144610
10144946
10147419
10147437
10149182
10151263
10153395
10155659
10156346
10159892
10160388
10162246
10162444
10168742
10169840
10171425
10171867
10172631
10172693
10176361
10177235
10178769
10179304
10179699
10181549
10182604
10184556
10185156
10185480
10186446
10187180
10189337
10189997
10190220
10190304
10192258
10192302
10194998
10196024
10196713
10196740
10197674
10197890
10198013
10199276
10199328
10199982
10201664
10202064
10207056
10209869
10211095
10212012
10213052
10214472
10215574
10218081
10218321
10218993
10220143
10221488
10226776
10227004
10228016
10230872
10231119
10234148
10236462
10238077
10242519
10245548
10245764
10250714
10252093
10252849
10254120
10254357
10255153
10255406
10262558
10266785
10267928
10272538
10272716
10273069
10273732
10273779
10276359
10279570
10279844
10280238
10285680
10286372
10288846
10289217
10291933
10293214
10293893
10296042
10296078
10296166
10296642
10300421
10300630
10303082
10305446
10309637
10310645
10310828
10312372
10312523
10314740
10315963
10317791
10318233
10321503
10323362
10325010
10330992
10333383
10337887
10339742
10343800
10344764
10345968
10346449
10348327
10350024
10350050
10352939
10353241
10355262
10356535
10357645
10359106
10362036
10364029
10364794
10366471
10367089
10369010
10369522
10370910
10373419
10375027
10380818
10382522
10385976
10387400
10388303
10391376
10391835
10404611
10406594
10411621
10416942
10418312
10418922
10422603
10423831
10425751
10431124
10432270
10432667
10436718
10438036
10438301
10438999
10440918
10442224
10444490
10444825
10444835
10445782
10446351
10447555
10447971
10448004
10448619
10451678
10453153
10454582
10454811
10456372
10457702
10459713
10462549
10464869
10465760
10467959
10470717
10471071
10472704
10474045
10474055
10475277
10475287
10477389
10483280
10485084
10490002
10490445
10491734
10493344
10494870
10495608
10496084
10496986
10498072
10500657
10500760
10501828
10503703
10506524
10510125
10510293
10512955
10520997
10521276
10521401
10525726
10526623
10526982
10527113
10527880
10529785
10530448
10531352
10533133
10533207
10533917
10539029
10539241
10540645
10543701
10544625
10549952
10550830
10551704
10552813
10554429
10554846
10555612
10556810
10556826
10557302
10558113
10559060
10560458
10560592
10562510
10562596
10563303
10563742
10567741
10568389
10569059
10570972
10571195
10572469
10573261
10577667
10578894
10581443
10581778
10582945
10585857
10586317
10586789
10588817
10589635
10591218
10595863
10598487
10601365
10602309
10603228
10603668
10604560
10605812
10606428
10606816
10609091
10609760
10610200
10610515
10611726
10612255
10616669
10617467
10618140
10621057
10621327
10621368
10621382
10622514
10627549
10627872
10628037
10631185
10631348
10631886
10632153
10633096
10638943
10639577
10639759
10640805
10642627
10643545
10643635
10645257
10645563
10646958
10647892
10651967
10655706
10659754
10661020
10661288
10662440
10663130
10664615
10666492
10668925
10670415
10671881
10671939
10672406
10673451
10674758
10675017
10676574
10679589
10683171
10684670
10685221
10688610
10692041
10699691
10700096
10700900
10701624
10701825
10703704
10704078
10704661
10706753
10711159
10711446
10712438
10712630
10714253
10714455
10715082
10715816
10716455
10717803
10718211
10718880
10719429
10720009
10720454
10722965
10724629
10726608
10728046
10728962
10731672
10733318
10734238
10739828
10740478
10741143
10741476
10743561
10743888
10744151
10744704
10746162
10747094
10747111
10748017
10749029
10749608
10751317
10754220
10759135
10761852
10762517
10762648
10767148
10770215
10771481
10773207
10775062
10776612
10777134
10778591
10780558
10783636
10784626
10784872
10786270
10788077
10791971
10793692
10794289
10796486
10798996
10800376
10800971
10803072
10803586
10804863
10807291
10809078
10809198
10809825
10810491
10815382
10817274
10818090
10818874
10819057
10819410
10823591
10827022
10827754
10828878
10830757
10830773
10831532
10834266
10838240
10840294
10840676
10842067
10842163
10845234
10845903
10846496
10847786
10850030
10850472
10855771
10857404
10859288
10860503
10861264
10862050
10865918
10866714
10868937
10869745
10870440
10870690
10870902
10871966
10872633
10874227
10875963
10879798
10883360
10886206
10886810
10890119
10895135
10896531
10902211
10903424
10904322
10904805
10908751
10910264
10910962
10913200
10917336
10920506
10921197
10921518
10923552
10924051
10924502
10927789
10928804
10932934
10934611
10937744
10940039
10942746
10943122
10944083
10948560
10950680
10950794
10951486
10951806
10951819
10954244
10957269
10958590
10959403
10961995
10962265
10962586
10963680
10964960
10965801
10967712
10970148
10973135
10973217
10974075
10976885
10977599
10979522
10979557
10985065
10987038
10990075
10990677
10991237
10997107
10997294
10997867
10998365
10998564
11000541
11001581
11002025
11002702
11002745
11007257
11007838
11008214
11010496
11013061
11015140
11016756
11017933
11018017
11024573
11027246
11028696
11029229
11029706
11035171
11035349
11035475
11041554
11042360
11043307
11043890
11047820
11050559
11051059
11056074
11056377
11057396
11057788
11059656
11059701
11063689
11065648
11065758
11067765
11068639
11068804
11070389
11072378
11073414
11073943
11079610
11081393
11081868
11085777
11086464
11087434
11088478
11088986
11089469
11089684
11091334
11092228
11096463
11098439
11100481
11104690
11105743
11106174
11110147
11112834
11113365
11114644
11116459
11118040
11120596
11123518
11124199
11124365
11125597
11126998
11127122
11127649
11128378
11128732
11129375
11132492
11133522
11135944
11136060
11137305
11137341
11137590
11137737
11141065
11142143
11143765
11146170
11148935
11149060
11154690
11157874
11159737
11162734
11162885
11164450
11168158
11168528
11176817
11177461
11177818
11180538
11183508
11183522
11184630
11184644
11185295
11185952
11186850
11187602
11190654
11191831
11194308
11194353
11198002
11199691
11202780
11209360
11211151
11213974
11215665
11217147
11218170
11219054
11223250
11224643
11226625
11227761
11228852
11229277
11233057
11238583
11239901
11242041
11242686
11244610
11246937
11247180
11255948
11257972
11258692
11259617
11260843
11261320
11263543
11263789
11265141
11266208
11267652
11268091
11272255
11274348
11274825
11276886
11277243
11278705
11281335
11281706
11287069
11287202
11288347
11289514
11290128
11290129
11290701
11295617
11296739
11297312
11298027
11298272
11298316
11298933
11299226
11302121
11303006
11303537
11304440
11309702
11315259
11317160
11327045
11327375
11330003
11337488
11337655
11340188
11340313
11345597
11346050
11346625
11350719
11350795
11351957
11356119
11368707
11371612
11372083
11372474
11373907
11374007
11377469
11378593
11380416
11380741
11380824
11382638
11383207
11385523
11387073
11387585
11387753
11391235
11392967
11396939
11398685
11400050
11402720
11402990
11406898
11407070
11407155
11407337
11409573
11412303
11415408
11420796
11421157
11423650
11426399
11429759
11431149
11431528
11432485
11433337
11433339
11434464
11436779
11438017
11438652
11440658
11443718
11452663
11454010
11454415
11457066
11461749
11461858
11462202
11464936
11466260
11468620
11470662
11470775
11471533
11472301
11473396
11477546
11479008
11480877
11481313
11484280
11486259
11487124
11487566
11488605
11489041
11490080
11490566
11493421
11493790
11493826
11495014
11497607
11498821
11500482
11504986
11505593
11506365
11507737
11509520
11510607
11511194
11512402
11512518
11514510
11514687
11516621
11518127
11518553
11518985
11520007
11520373
11520607
11522462
11522531
11523570
11524192
11526038
11528200
11530387
11531536
11532336
11538802
11541803
11549855
11551724
11552643
11552856
11555292
11556492
11557116
11559268
11563706
11563854
11564156
11564773
11566061
11566392
11566807
11568000
11569542
11570668
11577114
11578400
11580206
11581813
11582240
11585194
11587692
11588745
11589616
11590628
11590954
11591630
11596999
11599990
11600829
11606394
11609252
11611890
11618797
11618822
11623595
11623734
11623742
11624512
11625042
11629428
11631091
11632441
11632939
11634999
11636169
11637537
11638241
11642097
11646481
11649164
11651826
11652605
11653696
11657001
11659080
11662120
11662766
11662950
11668358
11670898
11672280
11673324
11674465
11674681
11678610
11679228
11680252
11680517
11681969
11682390
11682527
11682963
11684352
11686085
11687172
11687571
11687653
11690952
11694702
11694753
11695679
11696211
11696695
11700551
11702283
11702454
11702578
11706715
11708382
11709494
11710684
11711520
11712403
11713597
11713744
11716008
11716392
11716838
11717051
11719599
11722514
11724631
11724794
11727963
11728615
11729203
11731555
11733214
11734455
11734868
11736604
11740171
11740318
11743282
11746332
11746662
11748853
11750147
11751717
11753258
11753341
11753823
11754747
11754808
11756599
11756634
11757127
11758229
11760528
11761895
11769898
11771294
11771796
11773350
11773425
11775367
11776218
11778056
11780319
11781751
11782002
11782179
11783363
11784152
11786231
11786299
11790156
11790643
11792415
11793326
11796439
11797963
11798730
11800401
11800793
11801380
11801692
11802196
11805842
11806171
11806833
11808394
11817917
11818132
11819149
11821161
11821432
11821471
11824366
11829708
11830461
11831022
11833395
11833793
11837422
11840550
11840627
11841723
11846656
11847064
11847376
11851229
11853826
11858126
11860344
11862704
11865202
11868460
11868698
11869298
11869406
11869980
11870361
11870641
11871726
11873276
11874237
11875529
11878483
11880596
11880719
11880810
11882757
11883162
11883207
11883376
11884191
11886298
11888644
11890376
11891269
11891437
11893377
11893417
11893440
11896531
11896994
11897875
11898524
11901984
11902039
11902345
11902959
11903518
11904008
11907843
11908873
11909097
11910791
11911635
11912180
11912554
11913127
11913782
11915621
11916124
11916399
11918492
11919600
11919918
11920316
11921599
11923143
11923911
11924900
11925202
11929411
11929465
11929774
11931410
11933736
11939917
11942347
11943671
11946761
11949574
11951262
11951670
11954911
11955941
11956366
11958990
11961606
11962002
11962757
11966472
11966740
11969793
11970098
11972698
11973930
11975188
11976581
11978098
11982273
11988046
11989503
11989672
11989957
11992413
11993517
11997653
11997864
11999644
12004446
12006217
12006676
12007722
12009064
12011729
12013859
12014922
12016460
12017722
12018779
12020102
12021591
12022031
12024655
12029231
12029537
12029608
12030538
12030932
12032307
12032682
12034610
12035535
12036415
12040030
12040173
12041294
12044904
12048177
12048650
12051926
12052283
12052428
12052807
12053281
12053483
12055247
12055511
12055913
12056471
12056684
12057432
12059323
12062786
12064060
12064468
12065339
12065535
12066488
12066913
12068224
12068677
12069318
12070595
12070675
12074151
12076017
12077102
12082964
12083506
12084898
12085887
12088141
12091197
12096153
12097636
12098062
12099670
12100229
12101035
12103319
12107711
12108726
12109172
12110843
12111608
12111939
12112377
12113985
12114550
12115127
12116931
12117934
12118815
12118936
12120702
12122896
12129304
12130930
12132196
12135717
12138872
12139431
12139681
12142482
12142629
12146059
12146634
12147095
12148831
12149074
12150200
12151153
12154121
12154388
12155927
12157204
12158168
12158314
12161869
12164700
12167846
12170251
12176492
12176747
12176970
12176990
12179134
12180352
12182473
12183988
12184849
12184915
12189106
12190715
12190975
12191174
12193562
12193779
12193974
12194571
12194973
12196783
12196954
12199527
12200293
12200855
12202831
12203221
12205545
12205881
12208908
12210286
12211685
12212581
12214135
12222406
12226429
12226998
12227461
12228258
12230664
12231313
12231918
12232590
12235313
12235619
12236266
12244048
12244157
12246658
12248217
12248267
12250946
12252276
12255738
12257262
12261954
12263225
12263705
12267130
12267974
12268022
12268981
12269490
12270571
12271273
12274872
12274955
12278056
12283411
12283722
12284011
12284028
12284248
12287396
12288255
12291229
12291929
12292747
12295709
12295764
12295784
12296001
12296137
12298000
12303769
12304045
12309063
12309561
12311885
12312229
12313862
12316489
12316773
12316795
12317001
12318370
12321490
12321504
12322401
12323872
12325371
12327298
12327707
12330260
12332420
12334235
12335621
12336170
12336887
12339163
12340921
12346001
12346951
12347712
12348996
12349254
12349487
12350132
12352415
12353133
12355370
12355675
12355822
12356382
12358110
12359661
12359681
12361582
12364165
12366069
12366093
12366436
12373702
12375787
12377710
12377724
12378792
12380673
12385182
12386280
12386994
12391076
12391196
12393469
12396023
12397516
12398173
12399224
12401301
12401555
12402359
12404972
12406001
12406831
12407041
12410711
12412968
12413551
12415597
12416772
12419987
12420196
12420207
12421140
12422854
12426024
12428072
12430120
12432166
12433078
12434572
12435404
12436851
12438093
12438460
12439386
12441767
12441961
12443273
12445392
12446624
12447694
12448213
12449234
12449656
12451053
12454579
12454777
12455069
12456798
12457223
12460593
12460703
12462078
12463064
12463610
12465666
12467549
12469343
12470069
12471209
12474074
12477854
12478433
12479943
12480724
12481661
12483849
12483902
12484633
12485479
12486296
12487246
12487452
12487654
12492275
12494264
12496123
12497071
12497840
12502734
12503118
12503318
12503426
12504886
12506617
12508394
12508997
12509303
12510158
12510627
12511869
12512174
12512673
12514285
12515536
12516293
12520805
12521444
12525512
12525659
12527601
12530716
12531024
12532921
12534959
12535049
12535316
12535481
12535614
12536970
12539488
12540020
12540828
12541483
12544680
12544973
12547405
12552616
12554084
12555119
12556508
12558857
12559317
12560080
12560748
12561631
12563350
12565640
12566162
12566408
12568563
12569040
12571711
12572088
12572147
12573932
12574767
12576964
12577602
12578610
12578878
12580267
12581362
12581409
12583406
12585077
12586062
12586456
12588990
12589209
12589318
12590163
12590198
12591002
12594696
12597642
12597831
12598593
12598847
12599769
12600386
12601708
12601793
12602866
12604084
12604801
12606218
12606420
12608530
12608946
12609429
12609542
12610157
12610608
12610743
12612016
12612080
12612349
12614093
12614327
12614330
12614684
12616190
12616378
12617885
12618642
12619426
12619723
12620595
12621964
12627651
12628708
12630862
12631082
12632723
12632979
12634571
12636481
12637184
12637843
12639184
12641925
12646432
12647128
12649780
12651036
12651197
12652644
12655749
12657646
12659317
12659990
12660037
12660275
12662446
12662804
12665529
12665676
12666126
12669017
12669101
12671975
12672528
12672733
12675226
12675443
12675589
12676958
12678136
12680078
12685460
12686382
12687013
12691260
12691676
12694190
12694814
12700763
12701677
12702721
12703133
12705643
12706779
12706981
12708391
12709743
12709918
12710512
12711269
12711681
12716649
12719111
12722304
12722944
12723252
12726174
12727997
12728603
12728652
12730129
12731450
12731529
12731553
12733265
12734238
12736541
12738795
12740417
12743049
12743765
12746238
12746754
12748304
12749206
12749916
12751421
12757328
12761112
12761460
12763782
12764808
12765010
12766897
12767034
12767874
12771428
12773119
12776231
12778491
12779917
12781982
12789627
12793323
12799265
12801817
12806191
12808631
12809164
12811797
12813821
12814200
12815614
12815789
12817220
12818687
12820959
12823274
12826687
12828328
12828711
12828819
12829178
12830098
12830280
12833093
12833570
12833932
12835397
12840539
12841551
12842741
12844976
12847392
12847437
12848951
12855049
12858288
12859485
12860806
12863166
12863300
12863665
12865142
12869672
12870486
12874106
12880139
12882040
12884184
12884962
12885141
12888412
12893579
12893647
12895419
12896337
12897071
12897590
12897696
12898406
12899764
12901040
12904613
12905328
12905548
12905850
12908631
12915307
12915672
12916381
12917544
12917703
12917756
12918975
12919634
12919688
12921210
12923046
12925035
12926020
12928933
12932440
12933005
12934195
12934892
12934896
12935882
12938017
12938342
12941164
12942294
12942528
12943971
12944005
12944109
12944544
12944833
12947012
12949381
12949948
12950743
12954164
12954869
12957953
12957989
12959405
12960166
12965360
12965919
12969587
12970187
12970554
12971762
12972519
12973376
12973455
12973898
12974628
12974947
12975767
12978127
12980691
12985015
12989598
12990251
12992083
12992803
12994617
12996353
12997603
12998106
13000452
13000702
13001364
13001890
13002395
13003355
13005995
13007245
13008505
13008545
13009638
13015501
13018139
13019692
13020026
13021583
13029008
13029988
13030420
13031414
13031552
13031734
13035940
13037369
13038899
13040135
13040878
13041604
13042870
13044611
13046518
13046655
13047764
13049292
13049425
13051002
13052549
13053575
13055303
13055706
13057137
13058573
13060511
13062480
13065252
13065848
13068010
13068261
13076076
13078398
13080283
13081331
13083405
13084930
13085461
13086709
13088154
13089521
13090434
13092013
13092044
13093332
13094198
13094454
13095065
13097850
13098285
13099017
13103836
13110556
13113354
13113424
13113630
13114875
13115839
13117892
13117949
13117953
13120481
13130309
13132563
13133222
13133420
13134100
13134247
13134720
13134957
13136024
13136822
13137280
13137492
13138641
13141471
13141883
13142113
13142480
13144261
13144961
13147619
13148199
13149029
13149214
13152814
13157224
13157240
13158428
13159553
13164178
13167916
13168713
13170042
13171529
13174114
13177541
13177971
13178855
13185328
13186705
13188416
13191966
13192814
13194639
13194771
13196244
13197619
13201009
13201424
13201791
13201810
13203890
13203921
13204768
13206824
13207736
13208707
13212295
13215510
13216394
13216775
13217196
13218315
13220796
13223921
13226476
13227012
13228702
13231295
13231508
13232739
13232822
13233316
13237792
13239281
13239397
13241131
13242143
13243206
13243690
13244540
13248322
13249045
13250589
13252405
13253545
13257287
13259929
13260090
13261832
13264529
13271994
13273279
13274130
13274698
13276251
13276288
13281235
13286156
13286331
13287374
13287680
13290768
13291358
13292061
13293104
13296407
13297478
13299514
13300415
13300636
13307007
13307030
13307542
13307988
13308474
13309453
13310750
13311422
13311569
13314088
13314166
13314959
13316036
13319580
13322152
13322967
13323709
13325628
13326630
13326645
13327781
13328038
13336343
13337698
13337941
13342123
13342431
13343448
13343969
13344367
13347358
13347564
13348934
13353859
13354991
13355883
13356123
13358210
13359563
13360761
13361793
13363974
13364631
13364806
13368397
13369835
13373336
13375370
13376781
13376849
13377840
13379521
13380757
13381279
13381520
13381765
13385906
13388577
13391043
13391078
13391216
13392100
13393102
13395764
13396221
13397067
13397775
13404289
13407235
13410964
13414796
13418158
13419269
13422594
13423152
13423211
13425461
13425526
13425896
13427674
13427827
13430635
13432654
13433036
13433422
13433445
13433921
13435704
13436665
13440441
13445576
13449548
13450258
13453865
13454385
13454530
13458855
13459234
13460934
13460956
13461209
13461264
13465030
13466537
13469720
13470793
13471397
13471483
13471946
13472039
13473771
13473970
13474182
13474690
13475451
13475801
13477054
13478690
13484158
13484566
13485290
13485763
13487270
13492618
13492767
13493568
13493999
13499268
13499760
13500551
13501498
13505864
13506686
13513491
13513718
13515632
13519738
13522060
13522858
13526609
13526715
13529078
13530914
13534047
13535950
13536840
13538488
13541434
13545171
13547073
13548579
13549893
13551822
13554452
13554786
13555757
13558134
13558757
13561382
13561478
13562059
13562973
13563532
13565313
13565338
13568086
13568624
13569563
13570640
13572274
13574198
13575738
13575748
13575917
13576123
13578914
13578983
13579420
13580030
13580081
13580616
13581024
13581121
13581724
13584634
13586352
13587024
13592526
13598907
13600704
13601877
13606533
13607520
13608269
13608971
13609288
13609935
13611710
13612104
13614317
13615339
13615766
13616720
13616988
13619458
13620358
13621233
13621235
13622617
13622649
13623901
13627092
13630175
13630371
13633155
13633523
13633529
13635224
13636548
13637313
13637331
13640281
13640946
13642737
13643374
13649657
13651302
13652219
13653164
13658919
13659166
13659905
13660588
13662098
13662754
13663165
13663175
13664430
13668870
13668983
13674725
13675590
13681303
13682474
13682621
13684189
13685479
13690573
13690661
13692003
13692405
13695352
13697225
13697774
13699190
13699255
13699290
13699776
13700655
13700885
13701810
13702130
13704398
13705579
13707563
13711975
13712171
13716993
13720435
13723408
13723916
13724027
13730656
13732763
13740509
13740640
13741260
13742296
13742766
13744300
13744900
13746080
13746166
13746743
13747370
13748504
13749157
13749267
13750086
13750679
13751726
13753215
13755828
13756114
13757631
13758542
13758715
13758882
13759170
13760357
13762413
13762532
13763211
13763311
13765630
13765821
13765828
13766271
13770249
13771910
13773901
13774187
13781768
13783412
13783646
13784970
13789573
13790384
13793498
13793828
13794135
13795152
13795468
13798931
13799759
13799902
13800001
13801066
13801803
13803664
13804828
13804832
13806880
13806980
13807282
13808643
13809912
13810879
13811875
13813191
13813590
13813851
13814186
13818505
13819027
13820933
13820965
13824964
13826888
13827448
13834072
13836864
13840850
13840868
13842319
13844208
13845948
13846370
13846470
13847043
13847460
13848065
13849653
13851878
13852031
13852908
13853121
13853204
13853365
13853589
13857296
13857969
13858260
13862684
13864537
13867374
13871246
13873694
13874996
13876296
13877552
13878683
13879504
13879905
13880419
13887954
13888038
13891863
13891902
13893966
13895945
13897876
13898065
13899242
13900024
13900639
13902110
13902992
13904024
13904710
13904899
13906130
13906727
13907039
13907423
13908169
13911993
13920422
13923660
13923688
13927001
13927115
13928362
13929978
13931220
13934092
13934527
13935035
13935663
13939085
13939134
13940914
13941124
13942448
13943052
13943830
13945980
13946159
13948045
13948049
13948136
13948342
13948436
13952279
13953212
13958100
13958141
13959936
13962233
13962405
13962570
13963324
13963335
13964299
13969846
13970103
13970838
13972072
13974463
13976356
13976885
13977379
13977986
13978095
13978296
13978984
13979180
13981146
13982065
13982418
13983135
13983941
13984594
13985196
13985213
13988050
13988892
13991422
13994976
13997587
13998373
13999135
13999336
14002418
14002739
14003134
14004181
14004362
14007102
14007535
14008856
14009354
14011641
14012788
14013990
14015191
14015799
14017188
14019232
14024581
14025356
14026128
14028603
14028886
14029465
14029476
14029661
14030269
14032460
14033058
14034045
14034451
14034937
14035767
14037324
14037393
14037874
14037883
14039427
14042946
14044343
14045231
14045798
14046055
14046844
14047469
14047746
14047787
14048491
14050066
14052047
14056017
14056967
14057928
14059183
14059605
14065156
14065230
14065272
14067296
14070174
14071631
14073234
14073797
14077408
14079055
14080204
14081209
14082540
14082702
14083529
14083719
14084392
14084551
14085456
14086646
14088002
14088376
14092252
14094084
14096265
14097516
14099682
14100416
14108574
14110972
14112540
14112559
14115290
14115845
14118624
14120182
14122229
14124820
14129306
14130993
14137062
14137588
14141452
14141926
14143396
14143556
14144300
14148994
14150286
14155064
14155377
14156032
14156730
14157714
14158868
14159768
14161798
14162865
14162910
14169219
14171101
14171212
14172110
14172635
14178555
14180107
14180876
14181019
14181952
14182961
14183950
14186837
14187404
14190936
14191489
14196475
14197032
14198192
14198239
14200345
14201604
14201920
14202067
14205347
14206424
14207063
14210710
14213164
14213668
14214427
14220502
14227802
14228516
14229171
14231398
14231710
14231898
14235226
14238017
14239496
14239654
14240673
14244522
14245181
14246872
14248241
14249771
14249798
14253025
14253054
14254494
14255386
14255393
14259255
14260110
14260655
14262359
14263272
14264457
14264645
14264956
14269900
14269992
14271767
14273940
14274603
14275166
14279326
14279937
14281704
14283320
14284050
14285419
14287806
14288795
14291062
14291213
14292925
14293045
14293518
14295144
14298066
14299263
14299628
14299743
14300097
14303871
14304493
14313949
14317111
14317993
14318529
14319153
14320243
14320453
14320566
14321914
14323925
14324625
14329664
14331677
14332559
14334191
14334754
14336675
14339615
14340446
14340795
14341780
14343310
14343475
14343955
14349563
14355542
14360983
14363384
14366424
14366481
14367676
14369302
14373291
14374451
14375918
14378227
14385970
14386004
14386477
14387459
14389132
14389630
14396476
14399159
14399173
14400219
14400470
14401852
14404336
14404477
14407945
14410650
14412254
14412360
14416126
14418678
14420661
14421206
14421207
14422589
14423680
14424866
14427185
14427569
14428015
14429237
14429886
14430088
14431438
14433442
14433621
14436396
14436731
14436951
14437122
14438885
14438983
14439498
14439534
14440208
14441536
14448271
14448567
14448763
14453341
14454618
14457898
14458689
14459344
14461750
14461774
14463177
14463555
14467496
14473711
14474133
14474266
14477884
14479031
14481169
14482860
14484209
14484884
14485367
14485989
14486960
14488297
14488582
14489205
14489556
14490637
14491092
14492397
14493363
14493693
14494972
14495559
14497756
14498618
14499446
14500917
14504989
14505992
14509731
14510179
14513057
14513229
14513614
14513793
14514000
14519139
14519904
14524104
14524555
14526377
14527005
14527091
14527735
14528368
14529400
14529777
14532276
14534063
14535510
14536112
14538329
14540092
14540267
14541740
14541787
14542777
14543949
14545258
14545266
14547787
14548172
14548452
14551182
14554118
14560733
14563110
14566217
14566248
14567119
14567769
14568465
14570399
14571346
14572053
14572792
14574444
14574646
14578447
14579487
14583514
14584121
14587970
14589015
14591389
14592142
14592519
14592995
14593393
14595588
14597228
14597469
14600683
14602508
14604713
14604768
14605660
14606916
14609181
14610562
14610915
14611996
14612037
14612826
14612875
14613773
14615578
14617176
14619444
14620658
14621757
14623237
14624667
14626291
14626521
14627515
14628167
14629398
14630265
14630934
14630956
14635332
14635430
14640896
14641112
14641175
14644643
14645281
14646365
14648213
14648800
14654878
14657291
14659544
14660916
14662188
14663103
14668646
14671054
14673397
14675835
14676639
14678143
14679193
14679952
14680442
14680919
14684977
14687129
14687407
14692761
14696915
14697070
14698184
14700424
14701165
14701985
14702829
14705024
14706771
14708683
14710373
14711435
14711518
14714262
14715608
14716022
14717659
14719431
14720455
14725980
14727514
14729424
14731922
14733000
14734532
14738738
14739310
14743785
14749585
14750361
14751026
14751324
14751468
14751658
14758384
14758809
14758892
14759567
14766302
14769200
14769456
14772177
14773960
14777454
14777577
14778187
14781219
14783100
14783657
14788787
14789624
14791415
14791970
14792968
14794067
14794803
14795068
14799157
14799514
14803425
14804285
14805964
14808964
14810432
14810512
14814778
14815653
14817201
14821959
14823172
14826065
14827028
14831520
14832496
14835650
14837595
14839316
14841670
14842335
14845330
14849634
14849675
14851126
14853751
14854451
14858684
14859594
14860238
14864633
14865422
14865799
14867421
14867883
14870351
14870388
14871648
14874460
14875171
14875359
14876124
14876443
14877462
14878666
14878693
14878976
14879452
14879627
14880370
14881214
14881695
14881836
14884886
14887726
14888354
14891529
14893063
14894383
14895101
14895272
14895817
14898028
14899999
14900796
14902088
14904110
14904297
14907437
14910067
14911794
14915097
14916111
14918396
14920818
14926081
14926255
14926324
14928311
14928481
14932358
14933311
14935068
14935257
14935792
14936265
14936971
14938889
14942014
14942416
14943085
14947023
14949469
14950254
14952169
14953341
14953704
14957537
14957763
14959589
14960236
14961770
14963965
14964133
14967441
14967492
14972444
14975399
14979947
14980493
14982077
14982289
14983024
14983598
14983841
14984729
14985480
14986702
14987101
14988277
14988891
14988966
14990108
14991920
15000598
15001023
15001500
15006217
15008334
15009819
15011768
15012526
15012543
15012828
15013239
15013803
15013979
15015466
15017915
15018392
15018857
15021736
15024720
15025035
15027853
15028272
15031646
15033731
15035433
15036336
15037858
15038462
15039208
15039484
15045017
15045608
15048228
15049378
15051727
15057687
15059267
15059579
15062626
15064310
15064454
15069467
15070807
15071188
15076717
15081072
15082929
15083141
15085167
15086367
15087829
15087870
15097489
15098199
15102020
15102707
15105925
15109042
15111268
15112033
15113210
15113609
15117653
15119432
15123596
15123734
15124109
15125515
15127751
15128735
15130301
15132006
15134877
15134997
15136375
15137525
15138023
15141373
15141997
15144278
15146096
15149710
15151916
15156343
15157077
15157813
15157863
15159417
15160433
15162998
15163421
15164586
15164640
15164793
15167342
15167677
15169030
15170323
15170398
15171378
15176559
15176860
15178051
15179542
15181074
15181138
15181817
15183447
15184030
15186558
15187306
15188579
15189300
15189367
15190428
15191992
15194359
15195912
15197538
15199124
15199237
15202252
15202424
15202574
15203906
15204721
15207054
15207411
15208042
15208432
15212450
15214509
15214680
15218783
15221880
15223132
15223648
15223983
15225702
15231366
15231812
15231904
15232459
15232768
15233397
15233801
15234065
15235962
15238690
15239618
15242792
15243039
15251772
15254729
15255279
15256960
15258100
15259251
15259378
15259874
15260126
15261964
15264362
15265259
15265329
15266067
15266365
15266469
15268136
15268678
15269219
15270386
15274309
15278669
15280495
15280986
15282526
15283084
15284354
15285490
15285984
15290835
15292003
15292849
15293826
15295109
15297256
15297647
15300251
15300257
15301132
15302505
15302639
15305414
15306699
15308133
15309162
15309937
15310353
15311389
15312580
15313505
15315918
15317719
15318183
15321242
15324132
15326066
15327944
15328187
15328979
15330931
15333417
15335727
15337737
15340948
15343141
15343912
15344049
15344100
15346348
15346770
15348015
15351850
15352776
15352927
15353051
15357027
15361071
15362289
15362753
15363856
15365734
15367935
15368454
15369464
15369733
15373129
15373623
15374765
15377307
15377414
15377430
15378007
15383421
15386418
15386679
15389083
15389376
15390517
15391029
15391251
15392884
15397567
15399467
15400136
15401502
15402353
15403755
15404636
15405679
15405707
15407449
15409847
15412602
15414025
15418708
15419237
15420496
15424317
15424425
15424482
15424763
15427095
15430667
15430937
15431085
15433250
15438570
15440851
15443520
15444776
15446178
15448607
15448860
15449019
15452824
15456901
15457196
15458383
15459828
15461607
15463351
15463622
15471377
15471885
15474679
15476791
15479031
15481575
15482303
15482948
15487175
15490129
15491116
15492403
15492958
15495984
15500107
15500117
15500564
15500731
15503952
15504316
15505290
15505366
15506625
15507125
15507753
15507945
15509095
15512161
15514948
15515420
15516876
15518224
15519457
15520387
15520479
15520672
15525234
15526038
15527968
15528545
15529375
15529604
15531454
15538343
15538454
15544496
15544605
15547916
15550554
15550698
15550835
15550904
15552567
15553154
15554729
15556612
15557799
15558043
15559477
15561215
15568086
15569130
15569132
15573345
15574463
15578626
15579002
15579649
15580467
15580783
15586478
15587068
15587234
15587949
15590333
15590820
15591079
15591920
15594076
15598860
15599235
15599423
15599961
15600671
15602452
15602630
15603073
15603752
15608305
15612400
15614723
15615062
15615295
15618388
15618832
15619477
15620018
15621843
15621874
15622496
15623367
15625542
15628172
15630609
15632244
15634210
15634897
15635656
15636015
15638170
15639369
15640834
15641246
15644296
15648882
15651140
15652761
15652987
15656028
15661891
15662404
15663073
15665872
15667626
15667694
15669637
15670393
15670758
15672377
15673016
15674153
15676201
15678144
15681140
15681670
15682042
15682476
15682624
15685950
15686779
15687470
15687511
15688012
15692313
15693463
15695110
15697525
15698859
15699568
15702601
15702732
15704560
15705284
15706241
15706997
15708025
15709262
15711067
15715600
15719589
15719664
15724693
15725179
15725805
15726294
15730992
15731911
15732141
15733777
15733808
15737184
15738832
15741323
15741811
15743412
15743777
15744108
15744165
15744785
15748613
15751633
15753629
15754475
15758097
15758921
15759110
15760455
15760810
15761151
15762985
15763003
15765600
15769494
15770203
15770996
15771055
15771600
15772663
15774721
15774846
15775751
15782681
15783161
15783273
15784518
15786529
15791857
15792571
15792617
15796487
15798788
15798810
15799461
15800165
15801797
15803423
15803445
15804706
15807372
15808568
15811310
15814023
15814517
15815139
15816871
15819957
15820372
15822193
15823454
15825964
15827318
15828293
15828413
15829748
15831617
15831696
15831883
15832116
15832691
15833748
15836568
15837885
15841239
15841784
15846443
15848732
15851376
15853949
15856226
15857994
15858048
15861563
15861650
15864719
15867505
15868062
15870751
15873615
15875277
15875728
15875729
15877563
15880569
15881331
15881430
15882551
15884876
15888442
15888475
15893053
15897127
15897549
15898345
15898528
15899020
15899807
15902361
15902926
15905213
15905556
15906499
15906945
15907902
15909899
15911786
15912046
15912607
15912758
15914172
15914227
15916330
15917431
15919435
15921983
15922340
15926446
15926811
15931905
15933342
15934066
15936175
15936738
15938611
15942689
15945152
15946559
15946631
15949828
15950541
15953792
15954613
15956609
15957575
15957773
15958626
15962918
15963567
15963824
15965240
15966036
15966354
15969018
15969902
15970222
15970832
15973415
15973453
15975442
15975665
15976769
15977807
15978543
15981041
15981969
15982420
15983782
15983937
15984208
15984982
15987520
15987826
15989482
15989935
15992375
15993366
15993631
15994364
15995351
15995394
16001106
16002100
16002127
16002730
16007786
16008251
16009987
16011821
16013361
16015719
16016336
16019128
16021505
16023626
16026819
16028225
16028464
16029988
16031156
16035182
16037175
16042375
16043505
16044142
16044715
16046402
16048258
16048495
16048811
16049474
16049617
16049796
16050990
16051386
16053850
16059060
16066561
16067988
16069301
16072649
16073612
16076477
16077654
16077680
16078768
16080240
16082034
16083211
16083341
16083464
16087701
16088929
16091693
16092528
16092844
16092860
16093460
16094201
16096938
16101436
16101738
16102960
16105135
16106504
16107173
16108214
16110601
16112732
16113028
16113285
16114842
16117182
16117388
16119206
16119514
16121021
16122186
16127435
16127843
16129424
16130275
16131737
16131847
16132906
16138457
16139106
16139684
16140549
16144617
16146212
16146247
16147962
16149962
16150995
16151337
16152199
16152854
16153758
16154654
16154754
16157049
16160896
16161324
16164164
16164674
16166843
16169185
16171292
16173403
16174002
16174946
16178993
16180181
16180214
16182770
16182886
16183216
16183522
16185305
16185661
16185850
16186945
16186986
16187288
16192853
16195030
16198186
16198804
16199311
16200751
16202821
16204868
16205272
16205785
16206583
16206885
16207020
16209496
16209688
16210021
16211080
16213876
16214140
16216321
16216370
16217901
16219444
16220154
16223218
16224117
16225321
16225937
16227249
16227441
16227663
16228051
16229761
16234932
16237608
16239079
16240171
16241848
16245432
16245481
16245650
16246860
16247680
16248641
16249979
16250910
16251106
16251120
16252111
16252423
16254327
16255816
16257607
16259669
16260694
16263788
16268368
16270016
16274125
16274647
16275931
16276269
16279064
16279931
16280278
16282841
16283516
16284930
16285046
16288500
16291362
16297280
16297598
16300963
16301385
16301684
16301724
16302064
16309305
16310891
16311038
16311289
16311679
16317144
16319951
16321202
16321239
16323675
16327908
16328503
16328571
16328695
16331206
16334124
16334405
16335690
16335857
16340560
16341692
16342347
16345756
16345866
16346042
16346127
16349108
16349210
16350556
16354908
16357242
16357464
16358408
16358786
16359074
16359125
16361009
16362119
16362440
16363951
16364325
16364435
16365987
16372222
16373056
16374706
16375264
16375804
16376496
16377659
16377958
16382418
16384544
16384674
16385186
16386876
16389941
16390588
16393851
16395034
16395191
16395521
16399410
16400354
16401301
16402598
16404787
16406821
16410036
16411699
16412447
16413678
16414041
16414810
16417397
16417590
16418247
16418325
16419527
16420759
16422199
16425488
16425530
16427436
16427686
16429200
16430069
16431567
16434490
16434680
16437287
16437598
16439297
16442187
16445237
16446476
16447114
16450868
16451231
16451631
16452071
16456221
16456959
16460201
16460670
16460733
16460750
16461189
16461191
16462862
16463453
16465836
16466303
16466427
16469092
16471305
16472227
16475998
16476718
16477250
16479684
16481310
16481589
16481818
16482471
16487823
16489788
16493012
16493723
16494690
16495737
16496553
16497483
16498006
16499169
16500247
16500965
16506452
16510695
16513540
16514202
16515840
16516133
16516270
16516994
16517062
16518455
16518468
16521591
16522197
16524424
16524596
16528680
16530551
16535675
16540722
16541794
16542540
16542934
16544419
16544472
16546479
16546786
16547332
16548113
16550872
16553113
16553356
16553754
16558426
16560093
16560955
16562886
16564308
16564862
16566325
16568494
16569571
16571852
16573951
16574405
16575302
16575801
16576846
16578849
16583112
16584439
16586185
16586652
16587381
16587419
16589080
16589151
16590414
16593587
16594713
16596153
16597734
16600822
16601145
16602212
16602602
16606596
16613228
16615072
16617047
16620780
16625105
16626864
16627161
16627366
16631132
16631750
16640789
16643111
16643341
16646836
16647564
16649482
16650439
16650733
16651759
16652218
16653786
16654174
16656194
16656996
16661955
16663340
16664476
16667340
16670853
16672423
16675644
16677384
16679624
16682988
16683225
16686834
16691983
16693327
16693756
16696018
16700165
16700989
16702631
16710576
16710934
16715762
16715986
16717903
16719026
16719868
16721725
16721873
16722696
16731235
16732170
16732541
16732651
16735166
16735676
16735771
16735895
16736156
16736486
16737882
16738667
16738729
16742917
16753380
16754594
16755084
16755126
16756461
16759188
16759559
16761689
16762338
16763375
16766539
16770341
16772257
16772824
16774487
16774882
