      @ A B C D
      #         ...
        0 0 0 0 X

      @ A B C D
      #       # ...
        0 0 0 1 1

      @ A B C D
      #     #   ...
        0 0 1 0 X

      @ A B C D
      #     # # ...
        0 0 1 1 1

      @ A B C D
      #   #     ...
        0 1 0 0 X

      @ A B C D
      #   #   # ...
        0 1 0 1 1

      @ A B C D
      #   # #   ...
        0 1 1 0 X

      @ A B C D
      #   # # # ...
        0 1 1 1 1

      @ A B C D
      # #       ...
        1 0 0 0 0

      @ A B C D
      # #     # ...
        1 0 0 1 1

      @ A B C D
      # #   #   ...
        1 0 1 0 0

      @ A B C D
      # #   # # ...
        1 0 1 1 1

      @ A B C D
      # # #     ...
        1 1 0 0 0

      @ A B C D
      # # #   # ...
        1 1 0 1 1

      @ A B C D
      # # # #   ...
        1 1 1 0 0

      @ A B C D
      # # # # # ...
        1 1 1 1 X














        0 0 0 0 | X
        0 0 0 1 | 1
        0 0 1 0 | X
        0 0 1 1 | 1
        0 1 0 0 | X
        0 1 0 1 | 1
        0 1 1 0 | X
        0 1 1 1 | 1
        1 0 0 0 | 0
        1 0 0 1 | 1
        1 0 1 0 | 0
        1 0 1 1 | 1
        1 1 0 0 | 0
        1 1 0 1 | 1
        1 1 1 0 | 0
        1 1 1 1 | X

D AND
        0 0 0 1 | 1
        0 0 1 1 | 1
        0 1 0 1 | 1
        0 1 1 1 | 1
        1 0 0 1 | 1
        1 0 1 1 | 1
        1 1 0 1 | 1

A: !A OR D

        0 0 0 1 | 1
        0 0 1 1 | 1
        0 1 0 1 | 1
        0 1 1 1 | 1
        1 0 0 0 | 0
        1 0 0 1 | 1
        1 0 1 0 | 0
        1 0 1 1 | 1
        1 1 0 0 | 0
        1 1 0 1 | 1
        1 1 1 0 | 0

B:

        0 0 0 1 | 1
        0 0 1 1 | 1
        0 1 0 1 | 1
        0 1 1 1 | 1
        1 0 0 0 | 0
        1 0 0 1 | 1
        1 0 1 0 | 0
        1 0 1 1 | 1
        1 1 0 0 | 0
        1 1 0 1 | 1
        1 1 1 0 | 0

C:

        0 0 0 1 | 1
        0 0 1 1 | 1
        0 1 0 1 | 1
        0 1 1 1 | 1
        1 0 0 0 | 0
        1 0 0 1 | 1
        1 0 1 0 | 0
        1 0 1 1 | 1
        1 1 0 0 | 0
        1 1 0 1 | 1
        1 1 1 0 | 0

D: 1

        0 0 0 1 | 1
        0 0 1 1 | 1
        0 1 0 1 | 1
        0 1 1 1 | 1
        1 0 0 0 | 0
        1 0 0 1 | 1
        1 0 1 0 | 0
        1 0 1 1 | 1
        1 1 0 0 | 0
        1 1 0 1 | 1
        1 1 1 0 | 0





[0, 0, 0, 0, 0, 0, 0, 0, 0] X
[0, 0, 0, 0, 0, 0, 0, 0, 1] X
[0, 0, 0, 0, 0, 0, 0, 1, 0] X
[0, 0, 0, 0, 0, 0, 0, 1, 1] X
[0, 0, 0, 0, 0, 0, 1, 0, 0] X
[0, 0, 0, 0, 0, 0, 1, 0, 1] X
[0, 0, 0, 0, 0, 0, 1, 1, 0] X
[0, 0, 0, 0, 0, 0, 1, 1, 1] X
[0, 0, 0, 0, 0, 1, 0, 0, 0] X
[0, 0, 0, 0, 0, 1, 0, 0, 1] X
[0, 0, 0, 0, 0, 1, 0, 1, 0] X
[0, 0, 0, 0, 0, 1, 0, 1, 1] X
[0, 0, 0, 0, 0, 1, 1, 0, 0] X
[0, 0, 0, 0, 0, 1, 1, 0, 1] X
[0, 0, 0, 0, 0, 1, 1, 1, 0] X
[0, 0, 0, 0, 0, 1, 1, 1, 1] X
[0, 0, 0, 0, 1, 0, 0, 0, 0] X
[0, 0, 0, 0, 1, 0, 0, 0, 1] X
[0, 0, 0, 0, 1, 0, 0, 1, 0] X
[0, 0, 0, 0, 1, 0, 0, 1, 1] X
[0, 0, 0, 0, 1, 0, 1, 0, 0] X
[0, 0, 0, 0, 1, 0, 1, 0, 1] X
[0, 0, 0, 0, 1, 0, 1, 1, 0] X
[0, 0, 0, 0, 1, 0, 1, 1, 1] X
[0, 0, 0, 0, 1, 1, 0, 0, 0] X
[0, 0, 0, 0, 1, 1, 0, 0, 1] X
[0, 0, 0, 0, 1, 1, 0, 1, 0] X
[0, 0, 0, 0, 1, 1, 0, 1, 1] X
[0, 0, 0, 0, 1, 1, 1, 0, 0] X
[0, 0, 0, 0, 1, 1, 1, 0, 1] X
[0, 0, 0, 0, 1, 1, 1, 1, 0] X
[0, 0, 0, 0, 1, 1, 1, 1, 1] X
[0, 0, 0, 1, 0, 0, 0, 0, 0] X
[0, 0, 0, 1, 0, 0, 0, 0, 1] X
[0, 0, 0, 1, 0, 0, 0, 1, 0] 1
[0, 0, 0, 1, 0, 0, 0, 1, 1] 1
[0, 0, 0, 1, 0, 0, 1, 0, 0] X
[0, 0, 0, 1, 0, 0, 1, 0, 1] X
[0, 0, 0, 1, 0, 0, 1, 1, 0] 1
[0, 0, 0, 1, 0, 0, 1, 1, 1] 1
[0, 0, 0, 1, 0, 1, 0, 0, 0] X
[0, 0, 0, 1, 0, 1, 0, 0, 1] X
[0, 0, 0, 1, 0, 1, 0, 1, 0] 1
[0, 0, 0, 1, 0, 1, 0, 1, 1] 1
[0, 0, 0, 1, 0, 1, 1, 0, 0] X
[0, 0, 0, 1, 0, 1, 1, 0, 1] X
[0, 0, 0, 1, 0, 1, 1, 1, 0] 1
[0, 0, 0, 1, 0, 1, 1, 1, 1] 1
[0, 0, 0, 1, 1, 0, 0, 0, 0] X
[0, 0, 0, 1, 1, 0, 0, 0, 1] X
[0, 0, 0, 1, 1, 0, 0, 1, 0] X
[0, 0, 0, 1, 1, 0, 0, 1, 1] 1
[0, 0, 0, 1, 1, 0, 1, 0, 0] X
[0, 0, 0, 1, 1, 0, 1, 0, 1]
[0, 0, 0, 1, 1, 0, 1, 1, 0]
[0, 0, 0, 1, 1, 0, 1, 1, 1]
[0, 0, 0, 1, 1, 1, 0, 0, 0]
[0, 0, 0, 1, 1, 1, 0, 0, 1]
[0, 0, 0, 1, 1, 1, 0, 1, 0]
[0, 0, 0, 1, 1, 1, 0, 1, 1]
[0, 0, 0, 1, 1, 1, 1, 0, 0]
[0, 0, 0, 1, 1, 1, 1, 0, 1]
[0, 0, 0, 1, 1, 1, 1, 1, 0]
[0, 0, 0, 1, 1, 1, 1, 1, 1]
[0, 0, 1, 0, 0, 0, 0, 0, 0]
[0, 0, 1, 0, 0, 0, 0, 0, 1]
[0, 0, 1, 0, 0, 0, 0, 1, 0]
[0, 0, 1, 0, 0, 0, 0, 1, 1]
[0, 0, 1, 0, 0, 0, 1, 0, 0]
[0, 0, 1, 0, 0, 0, 1, 0, 1]
[0, 0, 1, 0, 0, 0, 1, 1, 0]
[0, 0, 1, 0, 0, 0, 1, 1, 1]
[0, 0, 1, 0, 0, 1, 0, 0, 0]
[0, 0, 1, 0, 0, 1, 0, 0, 1]
[0, 0, 1, 0, 0, 1, 0, 1, 0]
[0, 0, 1, 0, 0, 1, 0, 1, 1]
[0, 0, 1, 0, 0, 1, 1, 0, 0]
[0, 0, 1, 0, 0, 1, 1, 0, 1]
[0, 0, 1, 0, 0, 1, 1, 1, 0]
[0, 0, 1, 0, 0, 1, 1, 1, 1]
[0, 0, 1, 0, 1, 0, 0, 0, 0]
[0, 0, 1, 0, 1, 0, 0, 0, 1]
[0, 0, 1, 0, 1, 0, 0, 1, 0]
[0, 0, 1, 0, 1, 0, 0, 1, 1]
[0, 0, 1, 0, 1, 0, 1, 0, 0]
[0, 0, 1, 0, 1, 0, 1, 0, 1]
[0, 0, 1, 0, 1, 0, 1, 1, 0]
[0, 0, 1, 0, 1, 0, 1, 1, 1]
[0, 0, 1, 0, 1, 1, 0, 0, 0]
[0, 0, 1, 0, 1, 1, 0, 0, 1]
[0, 0, 1, 0, 1, 1, 0, 1, 0]
[0, 0, 1, 0, 1, 1, 0, 1, 1]
[0, 0, 1, 0, 1, 1, 1, 0, 0]
[0, 0, 1, 0, 1, 1, 1, 0, 1]
[0, 0, 1, 0, 1, 1, 1, 1, 0]
[0, 0, 1, 0, 1, 1, 1, 1, 1]
[0, 0, 1, 1, 0, 0, 0, 0, 0]
[0, 0, 1, 1, 0, 0, 0, 0, 1]
[0, 0, 1, 1, 0, 0, 0, 1, 0]
[0, 0, 1, 1, 0, 0, 0, 1, 1]
[0, 0, 1, 1, 0, 0, 1, 0, 0]
[0, 0, 1, 1, 0, 0, 1, 0, 1]
[0, 0, 1, 1, 0, 0, 1, 1, 0]
[0, 0, 1, 1, 0, 0, 1, 1, 1]
[0, 0, 1, 1, 0, 1, 0, 0, 0]
[0, 0, 1, 1, 0, 1, 0, 0, 1]
[0, 0, 1, 1, 0, 1, 0, 1, 0]
[0, 0, 1, 1, 0, 1, 0, 1, 1]
[0, 0, 1, 1, 0, 1, 1, 0, 0]
[0, 0, 1, 1, 0, 1, 1, 0, 1]
[0, 0, 1, 1, 0, 1, 1, 1, 0]
[0, 0, 1, 1, 0, 1, 1, 1, 1]
[0, 0, 1, 1, 1, 0, 0, 0, 0]
[0, 0, 1, 1, 1, 0, 0, 0, 1]
[0, 0, 1, 1, 1, 0, 0, 1, 0]
[0, 0, 1, 1, 1, 0, 0, 1, 1]
[0, 0, 1, 1, 1, 0, 1, 0, 0]
[0, 0, 1, 1, 1, 0, 1, 0, 1]
[0, 0, 1, 1, 1, 0, 1, 1, 0]
[0, 0, 1, 1, 1, 0, 1, 1, 1]
[0, 0, 1, 1, 1, 1, 0, 0, 0]
[0, 0, 1, 1, 1, 1, 0, 0, 1]
[0, 0, 1, 1, 1, 1, 0, 1, 0]
[0, 0, 1, 1, 1, 1, 0, 1, 1]
[0, 0, 1, 1, 1, 1, 1, 0, 0]
[0, 0, 1, 1, 1, 1, 1, 0, 1]
[0, 0, 1, 1, 1, 1, 1, 1, 0]
[0, 0, 1, 1, 1, 1, 1, 1, 1]
[0, 1, 0, 0, 0, 0, 0, 0, 0]
[0, 1, 0, 0, 0, 0, 0, 0, 1]
[0, 1, 0, 0, 0, 0, 0, 1, 0]
[0, 1, 0, 0, 0, 0, 0, 1, 1]
[0, 1, 0, 0, 0, 0, 1, 0, 0]
[0, 1, 0, 0, 0, 0, 1, 0, 1]
[0, 1, 0, 0, 0, 0, 1, 1, 0]
[0, 1, 0, 0, 0, 0, 1, 1, 1]
[0, 1, 0, 0, 0, 1, 0, 0, 0]
[0, 1, 0, 0, 0, 1, 0, 0, 1]
[0, 1, 0, 0, 0, 1, 0, 1, 0]
[0, 1, 0, 0, 0, 1, 0, 1, 1]
[0, 1, 0, 0, 0, 1, 1, 0, 0]
[0, 1, 0, 0, 0, 1, 1, 0, 1]
[0, 1, 0, 0, 0, 1, 1, 1, 0]
[0, 1, 0, 0, 0, 1, 1, 1, 1]
[0, 1, 0, 0, 1, 0, 0, 0, 0]
[0, 1, 0, 0, 1, 0, 0, 0, 1]
[0, 1, 0, 0, 1, 0, 0, 1, 0]
[0, 1, 0, 0, 1, 0, 0, 1, 1]
[0, 1, 0, 0, 1, 0, 1, 0, 0]
[0, 1, 0, 0, 1, 0, 1, 0, 1]
[0, 1, 0, 0, 1, 0, 1, 1, 0]
[0, 1, 0, 0, 1, 0, 1, 1, 1]
[0, 1, 0, 0, 1, 1, 0, 0, 0]
[0, 1, 0, 0, 1, 1, 0, 0, 1]
[0, 1, 0, 0, 1, 1, 0, 1, 0]
[0, 1, 0, 0, 1, 1, 0, 1, 1]
[0, 1, 0, 0, 1, 1, 1, 0, 0]
[0, 1, 0, 0, 1, 1, 1, 0, 1]
[0, 1, 0, 0, 1, 1, 1, 1, 0]
[0, 1, 0, 0, 1, 1, 1, 1, 1]
[0, 1, 0, 1, 0, 0, 0, 0, 0]
[0, 1, 0, 1, 0, 0, 0, 0, 1]
[0, 1, 0, 1, 0, 0, 0, 1, 0]
[0, 1, 0, 1, 0, 0, 0, 1, 1]
[0, 1, 0, 1, 0, 0, 1, 0, 0]
[0, 1, 0, 1, 0, 0, 1, 0, 1]
[0, 1, 0, 1, 0, 0, 1, 1, 0]
[0, 1, 0, 1, 0, 0, 1, 1, 1]
[0, 1, 0, 1, 0, 1, 0, 0, 0]
[0, 1, 0, 1, 0, 1, 0, 0, 1]
[0, 1, 0, 1, 0, 1, 0, 1, 0]
[0, 1, 0, 1, 0, 1, 0, 1, 1]
[0, 1, 0, 1, 0, 1, 1, 0, 0]
[0, 1, 0, 1, 0, 1, 1, 0, 1]
[0, 1, 0, 1, 0, 1, 1, 1, 0]
[0, 1, 0, 1, 0, 1, 1, 1, 1]
[0, 1, 0, 1, 1, 0, 0, 0, 0]
[0, 1, 0, 1, 1, 0, 0, 0, 1]
[0, 1, 0, 1, 1, 0, 0, 1, 0]
[0, 1, 0, 1, 1, 0, 0, 1, 1]
[0, 1, 0, 1, 1, 0, 1, 0, 0]
[0, 1, 0, 1, 1, 0, 1, 0, 1]
[0, 1, 0, 1, 1, 0, 1, 1, 0]
[0, 1, 0, 1, 1, 0, 1, 1, 1]
[0, 1, 0, 1, 1, 1, 0, 0, 0]
[0, 1, 0, 1, 1, 1, 0, 0, 1]
[0, 1, 0, 1, 1, 1, 0, 1, 0]
[0, 1, 0, 1, 1, 1, 0, 1, 1]
[0, 1, 0, 1, 1, 1, 1, 0, 0]
[0, 1, 0, 1, 1, 1, 1, 0, 1]
[0, 1, 0, 1, 1, 1, 1, 1, 0]
[0, 1, 0, 1, 1, 1, 1, 1, 1]
[0, 1, 1, 0, 0, 0, 0, 0, 0]
[0, 1, 1, 0, 0, 0, 0, 0, 1]
[0, 1, 1, 0, 0, 0, 0, 1, 0]
[0, 1, 1, 0, 0, 0, 0, 1, 1]
[0, 1, 1, 0, 0, 0, 1, 0, 0]
[0, 1, 1, 0, 0, 0, 1, 0, 1]
[0, 1, 1, 0, 0, 0, 1, 1, 0]
[0, 1, 1, 0, 0, 0, 1, 1, 1]
[0, 1, 1, 0, 0, 1, 0, 0, 0]
[0, 1, 1, 0, 0, 1, 0, 0, 1]
[0, 1, 1, 0, 0, 1, 0, 1, 0]
[0, 1, 1, 0, 0, 1, 0, 1, 1]
[0, 1, 1, 0, 0, 1, 1, 0, 0]
[0, 1, 1, 0, 0, 1, 1, 0, 1]
[0, 1, 1, 0, 0, 1, 1, 1, 0]
[0, 1, 1, 0, 0, 1, 1, 1, 1]
[0, 1, 1, 0, 1, 0, 0, 0, 0]
[0, 1, 1, 0, 1, 0, 0, 0, 1]
[0, 1, 1, 0, 1, 0, 0, 1, 0]
[0, 1, 1, 0, 1, 0, 0, 1, 1]
[0, 1, 1, 0, 1, 0, 1, 0, 0]
[0, 1, 1, 0, 1, 0, 1, 0, 1]
[0, 1, 1, 0, 1, 0, 1, 1, 0]
[0, 1, 1, 0, 1, 0, 1, 1, 1]
[0, 1, 1, 0, 1, 1, 0, 0, 0]
[0, 1, 1, 0, 1, 1, 0, 0, 1]
[0, 1, 1, 0, 1, 1, 0, 1, 0]
[0, 1, 1, 0, 1, 1, 0, 1, 1]
[0, 1, 1, 0, 1, 1, 1, 0, 0]
[0, 1, 1, 0, 1, 1, 1, 0, 1]
[0, 1, 1, 0, 1, 1, 1, 1, 0]
[0, 1, 1, 0, 1, 1, 1, 1, 1]
[0, 1, 1, 1, 0, 0, 0, 0, 0]
[0, 1, 1, 1, 0, 0, 0, 0, 1]
[0, 1, 1, 1, 0, 0, 0, 1, 0]
[0, 1, 1, 1, 0, 0, 0, 1, 1]
[0, 1, 1, 1, 0, 0, 1, 0, 0]
[0, 1, 1, 1, 0, 0, 1, 0, 1]
[0, 1, 1, 1, 0, 0, 1, 1, 0]
[0, 1, 1, 1, 0, 0, 1, 1, 1]
[0, 1, 1, 1, 0, 1, 0, 0, 0]
[0, 1, 1, 1, 0, 1, 0, 0, 1]
[0, 1, 1, 1, 0, 1, 0, 1, 0]
[0, 1, 1, 1, 0, 1, 0, 1, 1]
[0, 1, 1, 1, 0, 1, 1, 0, 0]
[0, 1, 1, 1, 0, 1, 1, 0, 1]
[0, 1, 1, 1, 0, 1, 1, 1, 0]
[0, 1, 1, 1, 0, 1, 1, 1, 1]
[0, 1, 1, 1, 1, 0, 0, 0, 0]
[0, 1, 1, 1, 1, 0, 0, 0, 1]
[0, 1, 1, 1, 1, 0, 0, 1, 0]
[0, 1, 1, 1, 1, 0, 0, 1, 1]
[0, 1, 1, 1, 1, 0, 1, 0, 0]
[0, 1, 1, 1, 1, 0, 1, 0, 1]
[0, 1, 1, 1, 1, 0, 1, 1, 0]
[0, 1, 1, 1, 1, 0, 1, 1, 1]
[0, 1, 1, 1, 1, 1, 0, 0, 0]
[0, 1, 1, 1, 1, 1, 0, 0, 1]
[0, 1, 1, 1, 1, 1, 0, 1, 0]
[0, 1, 1, 1, 1, 1, 0, 1, 1]
[0, 1, 1, 1, 1, 1, 1, 0, 0]
[0, 1, 1, 1, 1, 1, 1, 0, 1]
[0, 1, 1, 1, 1, 1, 1, 1, 0]
[0, 1, 1, 1, 1, 1, 1, 1, 1]
[1, 0, 0, 0, 0, 0, 0, 0, 0]
[1, 0, 0, 0, 0, 0, 0, 0, 1]
[1, 0, 0, 0, 0, 0, 0, 1, 0]
[1, 0, 0, 0, 0, 0, 0, 1, 1]
[1, 0, 0, 0, 0, 0, 1, 0, 0]
[1, 0, 0, 0, 0, 0, 1, 0, 1]
[1, 0, 0, 0, 0, 0, 1, 1, 0]
[1, 0, 0, 0, 0, 0, 1, 1, 1]
[1, 0, 0, 0, 0, 1, 0, 0, 0]
[1, 0, 0, 0, 0, 1, 0, 0, 1]
[1, 0, 0, 0, 0, 1, 0, 1, 0]
[1, 0, 0, 0, 0, 1, 0, 1, 1]
[1, 0, 0, 0, 0, 1, 1, 0, 0]
[1, 0, 0, 0, 0, 1, 1, 0, 1]
[1, 0, 0, 0, 0, 1, 1, 1, 0]
[1, 0, 0, 0, 0, 1, 1, 1, 1]
[1, 0, 0, 0, 1, 0, 0, 0, 0]
[1, 0, 0, 0, 1, 0, 0, 0, 1]
[1, 0, 0, 0, 1, 0, 0, 1, 0]
[1, 0, 0, 0, 1, 0, 0, 1, 1]
[1, 0, 0, 0, 1, 0, 1, 0, 0]
[1, 0, 0, 0, 1, 0, 1, 0, 1]
[1, 0, 0, 0, 1, 0, 1, 1, 0]
[1, 0, 0, 0, 1, 0, 1, 1, 1]
[1, 0, 0, 0, 1, 1, 0, 0, 0]
[1, 0, 0, 0, 1, 1, 0, 0, 1]
[1, 0, 0, 0, 1, 1, 0, 1, 0]
[1, 0, 0, 0, 1, 1, 0, 1, 1]
[1, 0, 0, 0, 1, 1, 1, 0, 0]
[1, 0, 0, 0, 1, 1, 1, 0, 1]
[1, 0, 0, 0, 1, 1, 1, 1, 0]
[1, 0, 0, 0, 1, 1, 1, 1, 1]
[1, 0, 0, 1, 0, 0, 0, 0, 0]
[1, 0, 0, 1, 0, 0, 0, 0, 1]
[1, 0, 0, 1, 0, 0, 0, 1, 0]
[1, 0, 0, 1, 0, 0, 0, 1, 1]
[1, 0, 0, 1, 0, 0, 1, 0, 0]
[1, 0, 0, 1, 0, 0, 1, 0, 1]
[1, 0, 0, 1, 0, 0, 1, 1, 0]
[1, 0, 0, 1, 0, 0, 1, 1, 1]
[1, 0, 0, 1, 0, 1, 0, 0, 0]
[1, 0, 0, 1, 0, 1, 0, 0, 1]
[1, 0, 0, 1, 0, 1, 0, 1, 0]
[1, 0, 0, 1, 0, 1, 0, 1, 1]
[1, 0, 0, 1, 0, 1, 1, 0, 0]
[1, 0, 0, 1, 0, 1, 1, 0, 1]
[1, 0, 0, 1, 0, 1, 1, 1, 0]
[1, 0, 0, 1, 0, 1, 1, 1, 1]
[1, 0, 0, 1, 1, 0, 0, 0, 0]
[1, 0, 0, 1, 1, 0, 0, 0, 1]
[1, 0, 0, 1, 1, 0, 0, 1, 0]
[1, 0, 0, 1, 1, 0, 0, 1, 1]
[1, 0, 0, 1, 1, 0, 1, 0, 0]
[1, 0, 0, 1, 1, 0, 1, 0, 1]
[1, 0, 0, 1, 1, 0, 1, 1, 0]
[1, 0, 0, 1, 1, 0, 1, 1, 1]
[1, 0, 0, 1, 1, 1, 0, 0, 0]
[1, 0, 0, 1, 1, 1, 0, 0, 1]
[1, 0, 0, 1, 1, 1, 0, 1, 0]
[1, 0, 0, 1, 1, 1, 0, 1, 1]
[1, 0, 0, 1, 1, 1, 1, 0, 0]
[1, 0, 0, 1, 1, 1, 1, 0, 1]
[1, 0, 0, 1, 1, 1, 1, 1, 0]
[1, 0, 0, 1, 1, 1, 1, 1, 1]
[1, 0, 1, 0, 0, 0, 0, 0, 0]
[1, 0, 1, 0, 0, 0, 0, 0, 1]
[1, 0, 1, 0, 0, 0, 0, 1, 0]
[1, 0, 1, 0, 0, 0, 0, 1, 1]
[1, 0, 1, 0, 0, 0, 1, 0, 0]
[1, 0, 1, 0, 0, 0, 1, 0, 1]
[1, 0, 1, 0, 0, 0, 1, 1, 0]
[1, 0, 1, 0, 0, 0, 1, 1, 1]
[1, 0, 1, 0, 0, 1, 0, 0, 0]
[1, 0, 1, 0, 0, 1, 0, 0, 1]
[1, 0, 1, 0, 0, 1, 0, 1, 0]
[1, 0, 1, 0, 0, 1, 0, 1, 1]
[1, 0, 1, 0, 0, 1, 1, 0, 0]
[1, 0, 1, 0, 0, 1, 1, 0, 1]
[1, 0, 1, 0, 0, 1, 1, 1, 0]
[1, 0, 1, 0, 0, 1, 1, 1, 1]
[1, 0, 1, 0, 1, 0, 0, 0, 0]
[1, 0, 1, 0, 1, 0, 0, 0, 1]
[1, 0, 1, 0, 1, 0, 0, 1, 0]
[1, 0, 1, 0, 1, 0, 0, 1, 1]
[1, 0, 1, 0, 1, 0, 1, 0, 0]
[1, 0, 1, 0, 1, 0, 1, 0, 1]
[1, 0, 1, 0, 1, 0, 1, 1, 0]
[1, 0, 1, 0, 1, 0, 1, 1, 1]
[1, 0, 1, 0, 1, 1, 0, 0, 0]
[1, 0, 1, 0, 1, 1, 0, 0, 1]
[1, 0, 1, 0, 1, 1, 0, 1, 0]
[1, 0, 1, 0, 1, 1, 0, 1, 1]
[1, 0, 1, 0, 1, 1, 1, 0, 0]
[1, 0, 1, 0, 1, 1, 1, 0, 1]
[1, 0, 1, 0, 1, 1, 1, 1, 0]
[1, 0, 1, 0, 1, 1, 1, 1, 1]
[1, 0, 1, 1, 0, 0, 0, 0, 0]
[1, 0, 1, 1, 0, 0, 0, 0, 1]
[1, 0, 1, 1, 0, 0, 0, 1, 0]
[1, 0, 1, 1, 0, 0, 0, 1, 1]
[1, 0, 1, 1, 0, 0, 1, 0, 0]
[1, 0, 1, 1, 0, 0, 1, 0, 1]
[1, 0, 1, 1, 0, 0, 1, 1, 0]
[1, 0, 1, 1, 0, 0, 1, 1, 1]
[1, 0, 1, 1, 0, 1, 0, 0, 0]
[1, 0, 1, 1, 0, 1, 0, 0, 1]
[1, 0, 1, 1, 0, 1, 0, 1, 0]
[1, 0, 1, 1, 0, 1, 0, 1, 1]
[1, 0, 1, 1, 0, 1, 1, 0, 0]
[1, 0, 1, 1, 0, 1, 1, 0, 1]
[1, 0, 1, 1, 0, 1, 1, 1, 0]
[1, 0, 1, 1, 0, 1, 1, 1, 1]
[1, 0, 1, 1, 1, 0, 0, 0, 0]
[1, 0, 1, 1, 1, 0, 0, 0, 1]
[1, 0, 1, 1, 1, 0, 0, 1, 0]
[1, 0, 1, 1, 1, 0, 0, 1, 1]
[1, 0, 1, 1, 1, 0, 1, 0, 0]
[1, 0, 1, 1, 1, 0, 1, 0, 1]
[1, 0, 1, 1, 1, 0, 1, 1, 0]
[1, 0, 1, 1, 1, 0, 1, 1, 1]
[1, 0, 1, 1, 1, 1, 0, 0, 0]
[1, 0, 1, 1, 1, 1, 0, 0, 1]
[1, 0, 1, 1, 1, 1, 0, 1, 0]
[1, 0, 1, 1, 1, 1, 0, 1, 1]
[1, 0, 1, 1, 1, 1, 1, 0, 0]
[1, 0, 1, 1, 1, 1, 1, 0, 1]
[1, 0, 1, 1, 1, 1, 1, 1, 0]
[1, 0, 1, 1, 1, 1, 1, 1, 1]
[1, 1, 0, 0, 0, 0, 0, 0, 0]
[1, 1, 0, 0, 0, 0, 0, 0, 1]
[1, 1, 0, 0, 0, 0, 0, 1, 0]
[1, 1, 0, 0, 0, 0, 0, 1, 1]
[1, 1, 0, 0, 0, 0, 1, 0, 0]
[1, 1, 0, 0, 0, 0, 1, 0, 1]
[1, 1, 0, 0, 0, 0, 1, 1, 0]
[1, 1, 0, 0, 0, 0, 1, 1, 1]
[1, 1, 0, 0, 0, 1, 0, 0, 0]
[1, 1, 0, 0, 0, 1, 0, 0, 1]
[1, 1, 0, 0, 0, 1, 0, 1, 0]
[1, 1, 0, 0, 0, 1, 0, 1, 1]
[1, 1, 0, 0, 0, 1, 1, 0, 0]
[1, 1, 0, 0, 0, 1, 1, 0, 1]
[1, 1, 0, 0, 0, 1, 1, 1, 0]
[1, 1, 0, 0, 0, 1, 1, 1, 1]
[1, 1, 0, 0, 1, 0, 0, 0, 0]
[1, 1, 0, 0, 1, 0, 0, 0, 1]
[1, 1, 0, 0, 1, 0, 0, 1, 0]
[1, 1, 0, 0, 1, 0, 0, 1, 1]
[1, 1, 0, 0, 1, 0, 1, 0, 0]
[1, 1, 0, 0, 1, 0, 1, 0, 1]
[1, 1, 0, 0, 1, 0, 1, 1, 0]
[1, 1, 0, 0, 1, 0, 1, 1, 1]
[1, 1, 0, 0, 1, 1, 0, 0, 0]
[1, 1, 0, 0, 1, 1, 0, 0, 1]
[1, 1, 0, 0, 1, 1, 0, 1, 0]
[1, 1, 0, 0, 1, 1, 0, 1, 1]
[1, 1, 0, 0, 1, 1, 1, 0, 0]
[1, 1, 0, 0, 1, 1, 1, 0, 1]
[1, 1, 0, 0, 1, 1, 1, 1, 0]
[1, 1, 0, 0, 1, 1, 1, 1, 1]
[1, 1, 0, 1, 0, 0, 0, 0, 0]
[1, 1, 0, 1, 0, 0, 0, 0, 1]
[1, 1, 0, 1, 0, 0, 0, 1, 0]
[1, 1, 0, 1, 0, 0, 0, 1, 1]
[1, 1, 0, 1, 0, 0, 1, 0, 0]
[1, 1, 0, 1, 0, 0, 1, 0, 1]
[1, 1, 0, 1, 0, 0, 1, 1, 0]
[1, 1, 0, 1, 0, 0, 1, 1, 1]
[1, 1, 0, 1, 0, 1, 0, 0, 0]
[1, 1, 0, 1, 0, 1, 0, 0, 1]
[1, 1, 0, 1, 0, 1, 0, 1, 0]
[1, 1, 0, 1, 0, 1, 0, 1, 1]
[1, 1, 0, 1, 0, 1, 1, 0, 0]
[1, 1, 0, 1, 0, 1, 1, 0, 1]
[1, 1, 0, 1, 0, 1, 1, 1, 0]
[1, 1, 0, 1, 0, 1, 1, 1, 1]
[1, 1, 0, 1, 1, 0, 0, 0, 0]
[1, 1, 0, 1, 1, 0, 0, 0, 1]
[1, 1, 0, 1, 1, 0, 0, 1, 0]
[1, 1, 0, 1, 1, 0, 0, 1, 1]
[1, 1, 0, 1, 1, 0, 1, 0, 0]
[1, 1, 0, 1, 1, 0, 1, 0, 1]
[1, 1, 0, 1, 1, 0, 1, 1, 0]
[1, 1, 0, 1, 1, 0, 1, 1, 1]
[1, 1, 0, 1, 1, 1, 0, 0, 0]
[1, 1, 0, 1, 1, 1, 0, 0, 1]
[1, 1, 0, 1, 1, 1, 0, 1, 0]
[1, 1, 0, 1, 1, 1, 0, 1, 1]
[1, 1, 0, 1, 1, 1, 1, 0, 0]
[1, 1, 0, 1, 1, 1, 1, 0, 1]
[1, 1, 0, 1, 1, 1, 1, 1, 0]
[1, 1, 0, 1, 1, 1, 1, 1, 1]
[1, 1, 1, 0, 0, 0, 0, 0, 0]
[1, 1, 1, 0, 0, 0, 0, 0, 1]
[1, 1, 1, 0, 0, 0, 0, 1, 0]
[1, 1, 1, 0, 0, 0, 0, 1, 1]
[1, 1, 1, 0, 0, 0, 1, 0, 0]
[1, 1, 1, 0, 0, 0, 1, 0, 1]
[1, 1, 1, 0, 0, 0, 1, 1, 0]
[1, 1, 1, 0, 0, 0, 1, 1, 1]
[1, 1, 1, 0, 0, 1, 0, 0, 0]
[1, 1, 1, 0, 0, 1, 0, 0, 1]
[1, 1, 1, 0, 0, 1, 0, 1, 0]
[1, 1, 1, 0, 0, 1, 0, 1, 1]
[1, 1, 1, 0, 0, 1, 1, 0, 0]
[1, 1, 1, 0, 0, 1, 1, 0, 1]
[1, 1, 1, 0, 0, 1, 1, 1, 0]
[1, 1, 1, 0, 0, 1, 1, 1, 1]
[1, 1, 1, 0, 1, 0, 0, 0, 0]
[1, 1, 1, 0, 1, 0, 0, 0, 1]
[1, 1, 1, 0, 1, 0, 0, 1, 0]
[1, 1, 1, 0, 1, 0, 0, 1, 1]
[1, 1, 1, 0, 1, 0, 1, 0, 0]
[1, 1, 1, 0, 1, 0, 1, 0, 1]
[1, 1, 1, 0, 1, 0, 1, 1, 0]
[1, 1, 1, 0, 1, 0, 1, 1, 1]
[1, 1, 1, 0, 1, 1, 0, 0, 0]
[1, 1, 1, 0, 1, 1, 0, 0, 1]
[1, 1, 1, 0, 1, 1, 0, 1, 0]
[1, 1, 1, 0, 1, 1, 0, 1, 1]
[1, 1, 1, 0, 1, 1, 1, 0, 0]
[1, 1, 1, 0, 1, 1, 1, 0, 1]
[1, 1, 1, 0, 1, 1, 1, 1, 0]
[1, 1, 1, 0, 1, 1, 1, 1, 1]
[1, 1, 1, 1, 0, 0, 0, 0, 0]
[1, 1, 1, 1, 0, 0, 0, 0, 1]
[1, 1, 1, 1, 0, 0, 0, 1, 0]
[1, 1, 1, 1, 0, 0, 0, 1, 1]
[1, 1, 1, 1, 0, 0, 1, 0, 0]
[1, 1, 1, 1, 0, 0, 1, 0, 1]
[1, 1, 1, 1, 0, 0, 1, 1, 0]
[1, 1, 1, 1, 0, 0, 1, 1, 1]
[1, 1, 1, 1, 0, 1, 0, 0, 0]
[1, 1, 1, 1, 0, 1, 0, 0, 1]
[1, 1, 1, 1, 0, 1, 0, 1, 0]
[1, 1, 1, 1, 0, 1, 0, 1, 1]
[1, 1, 1, 1, 0, 1, 1, 0, 0]
[1, 1, 1, 1, 0, 1, 1, 0, 1]
[1, 1, 1, 1, 0, 1, 1, 1, 0]
[1, 1, 1, 1, 0, 1, 1, 1, 1]
[1, 1, 1, 1, 1, 0, 0, 0, 0]
[1, 1, 1, 1, 1, 0, 0, 0, 1]
[1, 1, 1, 1, 1, 0, 0, 1, 0]
[1, 1, 1, 1, 1, 0, 0, 1, 1]
[1, 1, 1, 1, 1, 0, 1, 0, 0]
[1, 1, 1, 1, 1, 0, 1, 0, 1]
[1, 1, 1, 1, 1, 0, 1, 1, 0]
[1, 1, 1, 1, 1, 0, 1, 1, 1]
[1, 1, 1, 1, 1, 1, 0, 0, 0]
[1, 1, 1, 1, 1, 1, 0, 0, 1]
[1, 1, 1, 1, 1, 1, 0, 1, 0]
[1, 1, 1, 1, 1, 1, 0, 1, 1]
[1, 1, 1, 1, 1, 1, 1, 0, 0]
[1, 1, 1, 1, 1, 1, 1, 0, 1]
[1, 1, 1, 1, 1, 1, 1, 1, 0]
[1, 1, 1, 1, 1, 1, 1, 1, 1]


ones:
34,35,38,39,42,43,46,47,49,50,51,53,54,55,56,57,58,59,60,61,62,63,98,99,102,103,106,107,110,111,113,114,115,117,118,119,120,121,122,123,124,125,126,127,162,163,166,167,170,171,174,175,177,178,179,181,182,183,184,185,186,187,188,189,190,191,226,227,230,231,234,235,238,239,241,242,243,245,246,247,248,249,250,251,252,253,254,255,290,291,294,295,298,299,302,303,306,310,354,355,358,359,362,363,366,367,370,374,418,419,422,423,427,434,438
dcs:
0,1,2,3,4,5,6,7,8,9,10,11,12,13,14,15,16,17,18,19,20,21,22,23,24,25,26,27,28,29,30,31,32,33,36,37,40,41,44,45,48,52,64,65,66,67,68,69,70,71,72,73,74,75,76,77,78,79,80,81,82,83,84,85,86,87,88,89,90,91,92,93,94,95,96,97,100,101,104,105,108,109,112,116,128,129,130,131,132,133,134,135,136,137,138,139,140,141,142,143,144,145,146,147,148,149,150,151,152,153,154,155,156,157,158,159,160,161,164,165,168,169,172,173,176,180,192,193,194,195,196,197,198,199,200,201,202,203,204,205,206,207,208,209,210,211,212,213,214,215,216,217,218,219,220,221,222,223,224,225,228,229,232,233,236,237,240,244,256,257,258,259,260,261,262,263,264,265,266,267,268,269,270,271,272,274,276,278,288,289,292,293,296,297,300,301,304,305,307,308,309,311,312,313,314,315,316,317,318,319,320,321,322,323,324,325,326,327,328,329,330,331,332,333,334,335,336,338,340,342,352,353,356,357,360,361,364,365,368,369,371,372,373,375,376,377,378,379,380,381,382,383,384,385,386,387,388,389,390,391,400,402,404,406,416,417,420,421,426,430,431,432,433,435,436,437,439,440,441,442,443,444,445,446,447,448,449,450,451,464,466,480,481,482,483,486,490,491,494,495,496,497,498,499,501,502,503,504,505,506,507,508,509,510,511


##.#.#.##..#
110101011
